1
12
16
18
23
26
31
32
34
36
37
39
42
50
76
79
96
101
108
109
110
115
132
133
134
138
139
140
141
148
151
152
177
178
179
180
181
184
185
186
188
189
190
191
192
202
211
212
217
218
219
220
227
228
229
232
234
236
237
274
275
279
284
285
287
288
312
315
317
318
319
320
321
332
334
336
337
338
341
343
344
345
347
348
350
351
352
355
356
361
368
369
370
373
376
389
392
394
409
415
416
417
420
422
423
424
425
426
427
429
432
434
436
437
438
439
448
455
456
458
459
460
461
462
463
464
466
469
470
472
473
474
484
487
488
489
490
499
500
504
511
538
542
543
544
545
546
547
553
554
562
568
571
572
573
575
577
592
593
627
629
630
632
633
634
638
675
691
692
694
699
706
732
733
740
753
758
761
765
766
767
768
769
770
771
773
774
775
776
777
778
779
780
781
782
787
788
817
818
820
821
825
828
830
833
838
839
843
844
845
846
849
850
851
852
853
854
855
856
857
858
859
860
863
865
866
867
869
876
881
883
887
888
889
896
905
908
912
913
914
915
916
918
919
920
921
978
983
985
987
988
989
990
991
992
993
994
995
996
997
998
999
1000
1001
1002
1003
1005
1006
1007
1009
1010
1015
1018
1020
1031
1032
1033
1035
1036
1038
1041
1044
1057
1063
1066
1070
1071
1075
1076
1077
1078
1079
1081
1088
1091
1092
1093
1094
1095
1096
1097
1098
1099
1100
1101
1102
1103
1104
1105
1107
1109
1110
1111
1118
1124
1129
1130
1140
1143
1150
1153
1156
1157
1158
1159
1160
1161
1162
1163
1165
1166
1167
1179
1184
1190
1191
1209
1210
1213
1226
1241
1242
1243
1245
1246
1247
1249
1252
1254
1255
1263
1266
1267
1268
1270
1288
1294
1295
1296
1297
1299
1306
1338
1339
1340
1341
1342
1343
1345
1346
1347
1349
1350
1374
1376
1377
1378
1379
1380
1435
1440
1441
1443
1444
1446
1448
1449
1451
1453
1454
1458
1459
1461
1462
1463
1464
1465
1466
1467
1468
1469
1476
1479
1480
1484
1485
1486
1490
1491
1499
1500
1501
1509
1510
1513
1515
1516
1517
1518
1519
1520
1521
1522
1523
1525
1526
1532
1534
1535
1536
1537
1538
1539
1542
1543
1544
1546
1550
1551
1552
1553
1560
1561
1562
1565
1566
1570
1571
1573
1575
1576
1580
1581
1583
1584
1585
1586
1587
1589
1590
1591
1593
1594
1595
1597
1598
1599
1600
1601
1602
1603
1604
1605
1608
1610
1613
1615
1616
1617
1618
1619
1620
1621
1622
1623
1624
1625
1626
1627
1628
1629
1630
1633
1634
1635
1636
1637
1638
1639
1640
1655
1656
1657
1659
1660
1668
1670
1671
1672
1673
1674
1684
1686
1687
1688
1690
1691
1693
1694
1695
1696
1697
1698
1699
1700
1702
1709
1710
1712
1714
1729
1730
1739
1740
1743
1747
1752
1755
1756
1757
1758
1760
1766
1767
1768
1774
1775
1776
1777
1778
1779
1780
1781
1783
1784
1787
1798
1800
1805
1813
1814
1816
1818
1819
1821
1823
1824
1825
1826
1827
1828
1830
1831
1832
1833
1834
1845
1846
1848
1854
1858
1876
1878
1883
1886
1887
1893
1894
1895
1896
1897
1898
1899
1900
1901
1902
1903
1904
1905
1906
1909
1912
1914
1916
1918
1920
1921
1935
1938
1941
1954
1978
1983
1985
1993
1994
2000
2003
2005
2006
2019
2021
2022
2023
2032
2036
2037
2039
2047
2048
2057
2061
2062
2063
2065
2073
2090
2093
2095
2096
2104
2105
2106
2107
2108
2109
2117
2119
2120
2123
2125
2126
2127
2143
2147
2149
2150
2156
2158
2159
2160
2161
2163
2179
2182
2186
2192
2193
2197
2213
2214
2219
2222
2225
2230
2239
2245
2253
2254
2255
2258
2259
2260
2261
2262
2266
2267
2268
2273
2275
2276
2278
2279
2280
2281
2282
2284
2285
2286
2287
2289
2291
2293
2299
2300
2301
2302
2303
2304
2305
2306
2307
2308
2309
2310
2311
2312
2318
2319
2320
2321
2322
2325
2328
2332
2346
2364
2365
2384
2385
2386
2391
2394
2395
2396
2397
2398
2399
2400
2401
2402
2403
2404
2405
2406
2407
2408
2409
2410
2411
2412
2415
2416
2417
2418
2420
2421
2427
2428
2429
2432
2436
2437
2441
2444
2451
2452
2454
2456
2458
2459
2461
2464
2465
2468
2470
2471
2472
2474
2475
2476
2477
2499
2501
2502
2503
2504
2505
2506
2511
2512
2513
2514
2515
2516
2517
2518
2519
2520
2521
2522
2523
2525
2529
2531
2532
2534
2535
2536
2537
2538
2539
2540
2541
2542
2543
2544
2545
2546
2547
2548
2549
2550
2551
2552
2553
2554
2555
2556
2557
2558
2559
2560
2561
2563
2565
2566
2569
2572
2573
2575
2576
2577
2580
2581
2582
2584
2588
2596
2599
2607
2608
2621
2623
2635
2637
2638
2639
2640
2641
2642
2643
2650
2653
2654
2655
2656
2658
2660
2661
2663
2666
2667
2669
2670
2671
2672
2673
2674
2676
2677
2678
2680
2681
2683
2686
2688
2690
2691
2693
2694
2695
2696
2697
2698
2699
2700
2701
2702
2703
2704
2705
2706
2707
2708
2709
2710
2711
2712
2713
2714
2717
2723
2726
2728
2729
2730
2745
2747
2748
2749
2750
2752
2764
2765
2769
2771
2772
2784
2785
2787
2788
2789
2790
2791
2792
2793
2794
2795
2796
2797
2806
2809
2811
2812
2813
2815
2816
2817
2818
2819
2820
2821
2822
2823
2824
2825
2826
2827
2828
2829
2830
2831
2832
2833
2835
2841
2844
2846
2847
2848
2849
2851
2854
2860
2865
2869
2875
2886
2887
2889
2892
2896
2901
2913
2915
2917
2919
2921
2922
2923
2924
2925
2926
2927
2929
2930
2934
2943
2944
2945
2946
2947
2948
2949
2950
2951
2952
2955
2956
2963
2966
2969
2977
2998
3003
3013
3015
3016
3017
3018
3024
3025
3046
3049
3053
3066
3067
3068
3069
3070
3072
3082
3092
3095
3101
3103
3104
3105
3116
3119
3120
3122
3124
3125
3127
3131
3132
3134
3135
3136
3137
3138
3153
3156
3168
3174
3175
3178
3183
3201
3227
3228
3233
3234
3235
3236
3241
3244
3245
3246
3247
3248
3249
3251
3252
3257
3259
3262
3267
3269
3270
3272
3277
3279
3280
3281
3284
3287
3288
3289
3290
3291
3292
3293
3294
3299
3313
3319
3327
3328
3348
3349
3350
3352
3353
3354
3355
3368
3369
3371
3372
3374
3375
3377
3379
3381
3382
3383
3386
3387
3388
3391
3392
3394
3395
3396
3399
3400
3401
3403
3404
3419
3426
3429
3430
3431
3451
3452
3453
3455
3456
3457
3458
3459
3460
3461
3462
3463
3464
3466
3467
3468
3481
3482
3484
3485
3511
3517
3519
3520
3522
3524
3525
3526
3527
3528
3529
3531
3532
3533
3534
3535
3536
3537
3538
3539
3541
3542
3543
3544
3545
3546
3547
3551
3554
3557
3563
3566
3567
3568
3569
3571
3572
3574
3576
3577
3578
3579
3580
3581
3582
3583
3584
3586
3589
3590
3591
3605
3607
3608
3609
3614
3615
3616
3617
3618
3619
3620
3622
3624
3627
3670
3673
3675
3677
3678
3681
3683
3690
3691
3692
3699
3700
3701
3705
3706
3707
3708
3711
3712
3713
3714
3715
3716
3717
3718
3719
3721
3722
3723
3724
3726
3727
3728
3729
3731
3732
3733
3734
3735
3736
3737
3738
3739
3741
3744
3745
3746
3754
3756
3765
3766
3767
3768
3769
3770
3771
3774
3775
3776
3777
3778
3780
3781
3791
3794
3800
3801
3802
3803
3804
3806
3810
3819
3820
3821
3822
3824
3827
3830
3833
3854
3859
3861
3863
3866
3867
3868
3869
3870
3871
3872
3873
3874
3875
3877
3878
3883
3884
3886
3887
3890
3891
3892
3893
3894
3895
3896
3897
3898
3899
3900
3901
3902
3903
3904
3905
3907
3908
3909
3910
3911
3912
3913
3914
3915
3916
3917
3918
3919
3924
3925
3926
3928
3929
3930
3931
3932
3933
3951
3959
3961
3962
3963
3964
3965
3979
3980
3982
3992
3994
4035
4038
4049
4051
4054
4058
4059
4061
4062
4063
4064
4065
4066
4067
4068
4070
4071
4072
4073
4075
4076
4077
4078
4084
4085
4086
4087
4088
4089
4090
4095
4099
4101
4110
4111
4113
4135
4136
4147
4160
4161
4209
4213
4223
4224
4228
4229
4231
4237
4239
4243
4246
4250
4257
4266
4268
4272
4292
4301
4302
4303
4304
4305
4308
4309
4314
4316
4317
4318
4319
4320
4339
4342
4351
4359
4405
4414
4428
4430
4433
4434
4438
4439
4440
4441
4448
4449
4450
4451
4457
4458
4468
4469
4470
4471
4472
4473
4474
4475
4476
4477
4478
4479
4480
4481
4487
4490
4493
4494
4495
4500
4501
4504
4507
4508
4509
4510
4529
4530
4532
4533
4534
4535
4536
4545
4547
4551
4553
4560
4561
4598
4603
4612
4618
4623
4624
4625
4626
4627
4629
4630
4632
4635
4636
4637
4638
4639
4640
4641
4642
4647
4650
4652
4653
4654
4656
4657
4658
4660
4661
4662
4663
4664
4665
4666
4669
4670
4671
4672
4673
4674
4675
4676
4680
4681
4684
4686
4687
4688
4701
4703
4705
4706
4727
4728
4729
4730
4731
4732
4733
4734
4735
4736
4737
4738
4767
4768
4769
4770
4771
4776
4777
4779
4785
4787
4788
4791
4808
4809
4810
4811
4812
4813
4814
4815
4816
4817
4818
4819
4820
4821
4822
4823
4824
4825
4826
4827
4828
4829
4831
4832
4833
4834
4835
4836
4838
4839
4841
4846
4847
4848
4849
4852
4853
4857
4858
4862
4864
4867
4869
4870
4871
4872
4873
4874
4875
4876
4877
4878
4879
4880
4881
4883
4884
4885
4886
4887
4897
4898
4906
4908
4910
4912
4913
4914
4916
4917
4918
4919
4920
4934
4936
4937
4971
4972
4973
4976
4977
4978
4980
4981
4982
4983
4984
4985
4986
4987
4988
4989
4990
4991
4994
4995
4999
5000
5004
5006
5007
5008
5009
5010
5011
5021
5023
5024
5025
5026
5027
5028
5029
5030
5031
5033
5034
5036
5037
5038
5039
5040
5042
5043
5044
5045
5046
5047
5048
5049
5050
5051
5056
5059
5068
5070
5071
5072
5073
5074
5075
5076
5077
5078
5079
5080
5081
5088
5089
5090
5097
5102
5112
5113
5114
5115
5116
5117
5157
5158
5160
5164
5167
5168
5170
5171
5172
5173
5174
5175
5176
5177
5178
5179
5180
5181
5182
5183
5185
5186
5187
5192
5195
5206
5207
5208
5209
5210
5211
5214
5215
5216
5217
5218
5219
5220
5221
5222
5224
5225
5227
5228
5230
5232
5233
5237
5238
5239
5242
5243
5244
5246
5255
5256
5257
5258
5259
5260
5262
5267
5268
5269
5271
5273
5281
5282
5313
5315
5316
5317
5319
5320
5321
5323
5324
5325
5326
5327
5328
5330
5332
5333
5334
5337
5338
5344
5349
5351
5352
5353
5354
5355
5356
5357
5358
5359
5360
5361
5363
5364
5365
5366
5367
5368
5369
5370
5371
5388
5389
5391
5398
5400
5401
5402
5403
5404
5408
5410
5429
5430
5431
5432
5433
5434
5439
5445
5448
5451
5452
5464
5498
5516
5524
5530
5534
5538
5567
5569
5570
5591
5598
5600
5606
5607
5608
5610
5611
5612
5613
5615
5638
5646
5647
5730
5731
5732
5733
5734
5735
5736
5737
5738
5743
5745
5748
5751
5752
5753
5754
5755
5760
5765
5766
5767
5769
5772
5774
5775
5779
5781
5783
5785
5791
5806
5807
5811
5813
5814
5815
5816
5817
5818
5819
5820
5832
5835
5836
5837
5839
5840
5841
5846
5849
5850
5851
5852
5853
5860
5870
5875
5876
5877
5879
5880
5881
5882
5888
5891
5892
5893
5898
5901
5904
5908
5909
5951
5953
5957
5964
5971
5972
5973
5974
5975
5976
5978
5979
5980
5981
5982
5983
5984
5985
5986
5987
5988
5989
5990
5991
5993
5994
5995
6004
6006
6007
6010
6012
6013
6015
6017
6019
6020
6021
6022
6023
6024
6031
6034
6035
6044
6045
6046
6048
6049
6050
6071
6073
6074
6075
6076
6077
6079
6080
6081
6082
6084
6114
6116
6118
6119
6120
6121
6123
6124
6125
6127
6129
6130
6133
6134
6136
6137
6142
6146
6147
6148
6149
6150
6151
6152
6153
6155
6175
6176
6177
6178
6179
6180
6181
6182
6183
6184
6185
6186
6188
6189
6190
6191
6192
6193
6194
6195
6196
6197
6198
6200
6201
6202
6203
6204
6205
6206
6207
6210
6212
6214
6222
6225
6235
6237
6238
6240
6241
6242
6244
6246
6247
6248
6250
6251
6252
6253
6255
6257
6258
6259
6264
6265
6266
6267
6269
6274
6275
6278
6279
6280
6281
6282
6283
6293
6294
6295
6296
6297
6298
6299
6300
6302
6306
6311
6312
6315
6316
6320
6321
6324
6326
6329
6333
6339
6340
6341
6342
6349
6351
6352
6353
6354
6355
6356
6357
6358
6359
6360
6361
6364
6366
6367
6368
6369
6370
6371
6372
6373
6374
6375
6376
6377
6378
6379
6381
6384
6385
6386
6387
6388
6389
6392
6401
6405
6406
6407
6408
6409
6410
6411
6412
6413
6414
6416
6417
6418
6419
6420
6421
6422
6423
6424
6425
6426
6427
6428
6429
6430
6431
6438
6442
6443
6444
6445
6446
6448
6451
6452
6454
6456
6464
6465
6471
6472
6473
6474
6475
6476
6477
6478
6480
6482
6483
6485
6490
6492
6493
6497
6508
6509
6510
6511
6524
6527
6530
6532
6533
6536
6537
6540
6541
6543
6545
6549
6554
6555
6556
6557
6558
6563
6566
6569
6570
6571
6572
6575
6577
6578
6579
6581
6582
6583
6584
6585
6586
6587
6588
6589
6591
6592
6593
6595
6596
6597
6598
6602
6605
6615
6617
6618
6623
6624
6625
6627
6628
6629
6630
6634
6635
6636
6637
6638
6639
6640
6641
6642
6643
6654
6655
6656
6658
6659
6660
6661
6682
6684
6686
6691
6693
6695
6696
6738
6741
6743
6744
6745
6746
6747
6749
6751
6752
6753
6757
6759
6760
6762
6763
6764
6765
6767
6803
6804
6806
6807
6808
6811
6814
6815
6816
6817
6818
6819
6820
6824
6827
6836
6847
6850
6851
6854
6856
6857
6861
6869
6878
6887
6888
6916
6920
6926
6927
6929
6930
6976
6986
7009
7010
7029
7031
7039
7040
7041
7044
7046
7050
7069
7071
7076
7078
7084
7093
7098
7106
7107
7114
7115
7145
7155
7157
7165
7237
7245
7248
7255
7258
7259
7263
7264
7269
7270
7271
7272
7274
7275
7276
7277
7278
7280
7281
7282
7286
7295
7299
7309
7310
7331
7333
7335
7336
7337
7339
7342
7344
7346
7347
7348
7351
7354
7358
7360
7370
7371
7372
7374
7375
7387
7388
7404
7413
7418
7419
7420
7421
7422
7423
7424
7425
7426
7430
7431
7434
7436
7489
7494
7495
7498
7500
7501
7503
7505
7506
7507
7508
7510
7512
7513
7514
7515
7516
7517
7533
7534
7537
7538
7540
7541
7542
7544
7545
7546
7547
7548
7550
7551
7552
7553
7554
7555
7556
7557
7558
7561
7578
7582
7585
7586
7588
7589
7590
7591
7592
7593
7594
7597
7599
7605
7607
7608
7609
7610
7611
7612
7615
7638
7639
7640
7641
7642
7643
7644
7645
7648
7653
7675
7684
7685
7694
7698
7704
7708
7710
7711
7712
7713
7715
7716
7717
7718
7719
7720
7721
7722
7723
7724
7725
7726
7727
7729
7730
7731
7732
7733
7734
7736
7737
7738
7739
7740
7741
7742
7743
7744
7745
7746
7747
7748
7749
7750
7751
7758
7762
7764
7766
7767
7768
7769
7771
7772
7773
7774
7776
7777
7778
7779
7780
7781
7782
7783
7784
7785
7786
7795
7796
7799
7800
7801
7802
7803
7804
7805
7806
7811
7823
7825
7826
7827
7828
7829
7830
7832
7835
7849
7850
7851
7852
7853
7854
7855
7856
7857
7858
7867
7869
7871
7872
7873
7874
7895
7901
7902
7903
7904
7905
7906
7907
7910
7911
7915
7916
7917
7918
7921
7925
7928
7929
7930
7931
7932
7933
7934
7935
7936
7937
7938
7939
7941
7942
7949
7951
7952
7953
7954
7955
7956
7957
7958
7959
7960
7961
7963
7964
7965
7966
7967
7968
7969
7970
7971
7972
7973
7974
7975
7976
7977
7978
7979
7980
7982
7983
7984
7985
7986
7987
7988
7989
7990
7991
7992
7993
7994
7995
7996
8006
8007
8008
8010
8011
8012
8013
8014
8016
8017
8018
8019
8020
8021
8023
8024
8025
8026
8027
8028
8029
8037
8038
8040
8042
8044
8045
8053
8055
8056
8057
8058
8059
8060
8068
8069
8075
8076
8077
8078
8079
8080
8081
8082
8083
8086
8088
8089
8090
8111
8112
8113
8114
8115
8116
8117
8128
8140
8141
8145
8146
8151
8153
8155
8156
8158
8159
8160
8161
8162
8163
8164
8165
8166
8169
8170
8172
8175
8176
8177
8178
8180
8181
8182
8183
8184
8185
8186
8187
8188
8189
8190
8191
8192
8193
8194
8195
8200
8202
8203
8204
8208
8209
8210
8211
8212
8213
8214
8215
8216
8217
8218
8219
8220
8221
8222
8223
8224
8225
8226
8227
8228
8229
8230
8231
8232
8233
8235
8236
8238
8240
8242
8243
8244
8245
8246
8247
8248
8255
8256
8257
8258
8265
8273
8274
8277
8281
8283
8285
8286
8287
8288
8298
8306
8307
8308
8309
8311
8312
8313
8314
8316
8317
8318
8320
8325
8329
8331
8332
8335
8337
8343
8344
8350
8351
8352
8354
8355
8356
8357
8366
8368
8384
8385
8386
8389
8394
8395
8396
8397
8398
8402
8403
8407
8410
8411
8419
8420
8421
8422
8423
8428
8429
8434
8436
8437
8439
8440
8444
8447
8448
8455
8456
8457
8459
8460
8465
8466
8474
8475
8476
8477
8478
8479
8480
8481
8482
8484
8488
8492
8493
8494
8495
8498
8501
8502
8504
8511
8516
8521
8525
8555
8557
8558
8559
8560
8561
8562
8563
8565
8569
8576
8579
8581
8583
8585
8586
8591
8592
8675
8717
8723
8727
8728
8729
8731
8734
8735
8736
8741
8749
8750
8751
8754
8759
8762
8763
8765
8766
8767
8769
8770
8772
8788
8790
8793
8795
8796
8798
8805
8811
8815
8816
8818
8820
8831
8841
8847
8848
8863
8874
8917
8952
8953
8956
8959
8960
8962
8964
8966
8967
8972
8973
8976
8977
8978
9000
9001
9004
9005
9006
9007
9009
9010
9011
9012
9013
9014
9015
9017
9021
9022
9024
9027
9028
9029
9036
9062
9064
9065
9066
9067
9068
9069
9070
9078
9079
9080
9081
9082
9083
9084
9085
9086
9098
9101
9103
9105
9106
9107
9111
9116
9117
9122
9125
9129
9146
9151
9152
9153
9154
9155
9156
9157
9158
9159
9160
9161
9162
9163
9169
9202
9204
9210
9214
9218
9220
9221
9222
9231
9233
9234
9236
9238
9239
9240
9245
9252
9253
9254
9255
9257
9258
9259
9260
9263
9275
9277
9279
9280
9281
9282
9284
9285
9286
9287
9288
9289
9290
9291
9292
9293
9295
9296
9297
9298
9299
9302
9303
9312
9313
9314
9316
9318
9323
9325
9326
9327
9328
9329
9332
9352
9354
9359
9360
9361
9363
9364
9365
9366
9367
9369
9374
9375
9395
9396
9397
9399
9400
9401
9402
9403
9404
9405
9406
9407
9436
9458
9459
9460
9461
9462
9463
9466
9467
9469
9470
9473
9474
9483
9484
9485
9486
9487
9489
9490
9491
9492
9493
9500
9501
9502
9503
9504
9506
9507
9508
9509
9510
9511
9512
9513
9514
9515
9516
9517
9518
9519
9520
9521
9522
9525
9526
9529
9530
9531
9532
9533
9535
9536
9537
9538
9540
9542
9543
9544
9545
9546
9547
9558
9560
9562
9563
9564
9565
9566
9568
9571
9572
9573
9574
9576
9577
9578
9579
9580
9581
9582
9583
9584
9589
9596
9599
9603
9605
9606
9608
9610
9611
9612
9614
9615
9617
9618
9619
9620
9621
9622
9625
9626
9627
9641
9642
9643
9644
9645
9646
9647
9648
9649
9650
9651
9652
9655
9665
9671
9690
9730
9732
9735
9736
9741
9742
9743
9744
9745
9746
9747
9748
9749
9750
9752
9753
9758
9759
9760
9761
9762
9763
9764
9765
9766
9767
9768
9769
9770
9771
9772
9773
9774
9775
9776
9777
9778
9779
9780
9781
9792
9794
9798
9799
9800
9802
9803
9805
9806
9807
9808
9809
9810
9811
9812
9815
9816
9817
9818
9819
9824
9825
9828
9829
9830
9831
9832
9834
9849
9851
9852
9853
9856
9857
9858
9859
9862
9863
9864
9865
9866
9867
9888
9889
9890
9891
9893
9894
9895
9896
9897
9898
9899
9900
9901
9902
9903
9904
9905
9906
9907
9914
9916
9918
9919
9920
9921
9922
9932
9934
9935
9936
9937
9938
9939
9940
9941
9942
9943
9944
9945
9974
9982
9990
9991
9994
9996
9997
9998
10000
10001
10002
10003
10004
10005
10006
10007
10013
10014
10015
10019
10021
10024
10027
10028
10029
10031
10032
10035
10036
10037
10038
10039
10040
10041
10042
10043
10044
10045
10046
10047
10052
10053
10054
10055
10056
10057
10058
10059
10060
10061
10062
10063
10064
10065
10066
10067
10068
10073
10074
10075
10078
10082
10083
10086
10087
10088
10090
10091
10092
10093
10094
10096
10097
10099
10100
10101
10103
10105
10106
10134
10145
10146
10147
10148
10149
10151
10156
10160
10161
10164
10165
10166
10173
10174
10175
10176
10177
10178
10179
10180
10181
10182
10183
10184
10185
10186
10187
10188
10189
10198
10200
10201
10202
10203
10204
10205
10208
10220
10221
10222
10269
10270
10272
10273
10274
10275
10276
10277
10278
10279
10280
10281
10282
10283
10284
10285
10288
10289
10290
10291
10299
10300
10301
10302
10303
10304
10307
10312
10314
10319
10321
10322
10323
10324
10325
10326
10327
10328
10330
10331
10332
10333
10334
10337
10341
10342
10343
10349
10352
10356
10357
10359
10360
10361
10362
10369
10380
10382
10385
10387
10402
10403
10411
10430
10435
10436
10438
10453
10454
10455
10456
10457
10458
10459
10460
10461
10468
10471
10474
10477
10478
10480
10481
10482
10484
10485
10491
10492
10497
10498
10501
10516
10580
10588
10589
10590
10591
10593
10597
10598
10599
10600
10602
10605
10619
10623
10624
10626
10642
10644
10646
10647
10651
10652
10657
10672
10673
10674
10675
10677
10679
10684
10685
10686
10687
10694
10711
10738
10745
10746
10752
10753
10755
10756
10759
10760
10773
10774
10784
10849
10855
10856
10857
10858
10859
10861
10864
10865
10866
10867
10880
10896
10897
10898
10899
10900
10901
10902
10903
10904
10905
10906
10907
10908
10909
10910
10914
10915
10939
10941
10944
10948
10949
10950
10952
10953
10958
10961
10967
10968
10971
10972
10975
10976
10978
10992
10993
10996
11006
11011
11013
11016
11018
11020
11021
11042
11043
11045
11052
11053
11054
11056
11057
11058
11059
11067
11113
11116
11117
11118
11121
11122
11123
11124
11127
11128
11129
11137
11139
11141
11143
11146
11152
11158
11159
11160
11161
11163
11164
11165
11166
11167
11168
11169
11170
11171
11172
11173
11178
11181
11182
11183
11188
11190
11195
11200
11201
11203
11205
11206
11207
11208
11209
11210
11211
11212
11213
11214
11215
11216
11217
11218
11219
11220
11221
11222
11223
11224
11225
11226
11227
11228
11229
11233
11234
11235
11236
11238
11242
11247
11259
11260
11261
11262
11264
11270
11272
11273
11274
11275
11276
11300
11301
11302
11303
11304
11305
11306
11307
11309
11310
11331
11334
11335
11338
11339
11340
11354
11355
11357
11368
11369
11375
11376
11378
11379
11380
11382
11383
11384
11385
11390
11392
11393
11396
11397
11398
11399
11405
11406
11407
11408
11409
11410
11411
11412
11413
11414
11415
11416
11417
11418
11419
11420
11421
11422
11423
11424
11428
11429
11430
11431
11432
11433
11436
11437
11438
11439
11440
11441
11442
11443
11444
11445
11446
11448
11449
11450
11453
11454
11455
11456
11458
11459
11460
11463
11464
11481
11483
11485
11486
11487
11488
11489
11491
11492
11493
11494
11495
11496
11497
11498
11499
11500
11501
11502
11503
11504
11505
11506
11510
11512
11521
11523
11532
11537
11538
11539
11540
11542
11543
11544
11545
11547
11549
11550
11551
11552
11553
11554
11555
11556
11557
11558
11561
11573
11575
11576
11578
11579
11580
11581
11582
11584
11585
11586
11587
11604
11623
11627
11628
11629
11630
11631
11632
11633
11634
11635
11637
11638
11640
11641
11648
11659
11660
11661
11663
11664
11665
11666
11667
11668
11669
11673
11674
11675
11677
11679
11680
11681
11682
11683
11684
11685
11686
11687
11688
11689
11690
11692
11693
11694
11695
11696
11697
11698
11699
11700
11701
11702
11703
11704
11705
11706
11707
11708
11709
11710
11711
11712
11713
11714
11715
11716
11717
11718
11719
11720
11721
11727
11730
11731
11732
11735
11736
11737
11738
11739
11740
11741
11742
11743
11744
11745
11746
11747
11748
11749
11751
11752
11753
11754
11755
11758
11763
11764
11770
11773
11774
11776
11782
11784
11785
11787
11788
11795
11797
11802
11811
11812
11814
11815
11816
11817
11818
11819
11820
11821
11822
11823
11824
11825
11826
11827
11828
11829
11831
11832
11843
11847
11852
11853
11855
11856
11857
11859
11860
11861
11864
11865
11867
11868
11885
11886
11887
11888
11889
11890
11891
11892
11894
11895
11897
11898
11899
11902
11912
11949
11951
11960
11961
11962
11963
11964
11965
11966
11967
11968
11972
11978
11979
11980
11981
11982
11983
11984
11985
11986
11987
11988
11990
11992
11993
11995
11996
12003
12006
12008
12009
12011
12012
12014
12015
12016
12017
12019
12020
12021
12022
12023
12024
12025
12026
12027
12028
12029
12030
12031
12035
12036
12037
12038
12040
12041
12043
12044
12045
12047
12048
12049
12079
12080
12088
12089
12090
12093
12094
12096
12097
12098
12100
12102
12104
12105
12115
12116
12121
12122
12128
12130
12134
12143
12144
12145
12146
12147
12148
12149
12150
12151
12152
12153
12155
12156
12157
12158
12164
12166
12167
12168
12169
12171
12172
12174
12175
12176
12177
12178
12179
12180
12181
12182
12183
12184
12191
12192
12195
12196
12197
12198
12199
12200
12201
12202
12203
12204
12205
12206
12207
12209
12211
12223
12226
12253
12259
12260
12261
12262
12265
12266
12267
12275
12276
12277
12278
12279
12280
12281
12282
12283
12284
12285
12286
12287
12288
12289
12290
12292
12295
12296
12298
12299
12300
12301
12302
12303
12304
12305
12306
12307
12308
12309
12310
12314
12317
12320
12321
12322
12323
12324
12325
12327
12329
12330
12335
12336
12338
12339
12355
12359
12360
12362
12365
12366
12369
12370
12371
12372
12373
12398
12399
12400
12429
12430
12433
12434
12435
12436
12437
12438
12439
12440
12441
12442
12443
12444
12445
12446
12448
12453
12454
12457
12459
12460
12461
12462
12463
12465
12466
12468
12469
12479
12484
12485
12527
12557
12559
12560
12561
12563
12565
12568
12570
12573
12574
12579
12580
12582
12584
12586
12588
12589
12590
12591
12593
12594
12595
12596
12597
12598
12599
12600
12611
12613
12614
12623
12624
12626
12629
12630
12631
12633
12641
12642
12654
12665
12668
12671
12673
12676
12679
12681
12683
12684
12685
12686
12687
12688
12689
12690
12696
12705
12716
12724
12725
12727
12728
12729
12730
12731
12732
12733
12734
12737
12738
12739
12740
12741
12742
12743
12744
12745
12746
12748
12777
12781
12790
12791
12804
12805
12837
12848
12856
12861
12878
12879
12881
12882
12884
12886
12889
12891
12902
12903
12905
12906
12907
12910
12911
12912
12913
12914
12916
12917
12918
12926
12946
12948
12949
12950
12951
12953
12954
12956
12957
12958
12959
12960
12962
12963
12964
12965
12967
12968
12969
12970
12999
13001
13003
13005
13007
13008
13011
13016
13019
13022
13023
13024
13025
13034
13038
13039
13043
13044
13049
13059
13060
13061
13062
13063
13070
13072
13074
13076
13077
13079
13080
13081
13082
13095
13096
13097
13099
13100
13117
13119
13121
13122
13125
13131
13137
13138
13139
13142
13143
13144
13145
13146
13147
13148
13158
13160
13165
13178
13191
13192
13194
13195
13196
13198
13199
13200
13201
13202
13203
13209
13210
13211
13212
13213
13216
13217
13219
13221
13222
13226
13227
13228
13230
13243
13244
13245
13246
13247
13248
13249
13250
13251
13252
13253
13254
13255
13256
13257
13258
13259
13260
13261
13262
13263
13264
13265
13266
13267
13273
13276
13277
13279
13280
13281
13282
13283
13284
13285
13286
13287
13288
13291
13292
13293
13294
13295
13296
13297
13298
13302
13304
13310
13330
13332
13333
13335
13343
13344
13345
13346
13347
13348
13349
13350
13352
13357
13373
13377
13378
13379
13380
13381
13382
13383
13385
13398
13419
13421
13425
13431
13437
13439
13442
13443
13445
13448
13451
13452
13454
13456
13457
13461
13463
13465
13475
13476
13477
13478
13479
13480
13482
13483
13484
13485
13486
13487
13488
13489
13490
13492
13493
13495
13496
13497
13499
13500
13503
13504
13505
13506
13507
13508
13509
13510
13511
13512
13513
13514
13515
13516
13517
13518
13519
13520
13521
13522
13527
13532
13543
13544
13545
13546
13547
13548
13550
13551
13552
13553
13554
13555
13556
13557
13558
13559
13560
13561
13562
13563
13564
13565
13566
13567
13568
13569
13570
13571
13574
13589
13591
13593
13595
13596
13597
13598
13600
13601
13603
13604
13606
13607
13610
13612
13613
13637
13639
13642
13649
13650
13651
13653
13654
13655
13668
13669
13670
13672
13673
13674
13675
13676
13677
13678
13679
13680
13681
13692
13693
13694
13695
13696
13698
13699
13700
13702
13703
13726
13736
13741
13745
13746
13747
13748
13749
13750
13751
13752
13753
13754
13755
13756
13758
13759
13760
13761
13763
13766
13767
13770
13771
13779
13780
13781
13782
13783
13784
13785
13786
13788
13789
13790
13791
13792
13793
13794
13795
13796
13798
13799
13800
13801
13803
13804
13805
13808
13809
13811
13813
13814
13815
13816
13817
13818
13819
13820
13822
13823
13824
13825
13828
13829
13830
13831
13832
13833
13834
13835
13836
13837
13838
13839
13840
13841
13842
13843
13844
13845
13846
13847
13849
13852
13853
13856
13857
13858
13859
13860
13861
13863
13864
13865
13866
13867
13868
13869
13870
13872
13873
13874
13875
13876
13877
13878
13879
13880
13881
13882
13883
13884
13885
13887
13888
13895
13896
13897
13898
13900
13905
13911
13919
13921
13928
13929
13930
13932
13933
13935
13936
13937
13938
13940
13941
13942
13943
13944
13945
13946
13947
13948
13949
13950
13951
13952
13962
13963
13965
13966
13967
13968
13969
13970
13971
13973
13998
14013
14018
14039
14041
14044
14045
14046
14048
14049
14054
14056
14057
14058
14059
14062
14063
14068
14069
14071
14072
14073
14074
14075
14076
14077
14078
14079
14080
14081
14082
14083
14084
14085
14086
14087
14088
14090
14093
14094
14096
14097
14098
14099
14100
14101
14102
14103
14104
14105
14106
14107
14108
14109
14110
14111
14112
14113
14114
14119
14120
14121
14122
14123
14124
14125
14126
14127
14128
14129
14130
14132
14133
14134
14135
14136
14137
14139
14140
14141
14142
14144
14146
14149
14162
14164
14168
14169
14170
14172
14174
14176
14177
14180
14182
14184
14185
14188
14190
14191
14192
14193
14194
14195
14204
14210
14212
14216
14226
14227
14228
14229
14230
14231
14232
14233
14234
14235
14236
14237
14238
14239
14240
14241
14242
14243
14244
14247
14248
14250
14251
14252
14253
14254
14255
14257
14258
14259
14260
14261
14262
14271
14272
14273
14274
14275
14276
14277
14278
14279
14281
14282
14283
14300
14339
14343
14344
14345
14346
14347
14348
14349
14350
14351
14352
14353
14354
14355
14356
14357
14364
14368
14372
14373
14374
14375
14376
14377
14379
14380
14381
14382
14384
14392
14393
14394
14395
14396
14398
14399
14402
14403
14404
14405
14406
14407
14408
14410
14411
14412
14413
14414
14415
14416
14417
14419
14420
14421
14422
14423
14424
14425
14426
14427
14428
14429
14430
14431
14432
14433
14434
14435
14436
14437
14439
14441
14442
14445
14446
14447
14448
14455
14458
14459
14461
14462
14466
14472
14473
14474
14478
14479
14487
14495
14496
14500
14501
14511
14512
14522
14523
14525
14528
14529
14530
14534
14535
14536
14537
14538
14539
14540
14542
14543
14544
14554
14555
14556
14557
14558
14559
14560
14561
14562
14563
14564
14565
14566
14567
14568
14569
14570
14575
14576
14578
14580
14582
14588
14589
14591
14592
14593
14594
14605
14609
14611
14643
14679
14682
14683
14684
14686
14688
14690
14692
14693
14694
14695
14696
14697
14698
14699
14700
14704
14706
14709
14710
14711
14712
14713
14715
14716
14719
14722
14724
14729
14731
14733
14736
14740
14741
14743
14744
14745
14746
14748
14751
14753
14756
14764
14766
14769
14770
14771
14774
14775
14779
14780
14781
14782
14783
14784
14785
14786
14787
14796
14797
14813
14826
14840
14845
14846
14848
14867
14869
14870
14872
14873
14874
14875
14876
14877
14878
14880
14881
14882
14883
14894
14902
14903
14904
14905
14907
14908
14909
14910
14911
14912
14913
14914
14915
14925
14958
15007
15027
15028
15029
15030
15031
15032
15034
15035
15036
15037
15038
15040
15049
15054
15056
15057
15058
15060
15062
15063
15064
15065
15066
15067
15068
15069
15071
15072
15074
15075
15076
15086
15087
15088
15090
15108
15110
15111
15112
15113
15114
15115
15118
15119
15120
15121
15124
15125
15126
15127
15128
15129
15130
15131
15132
15133
15161
15171
15175
15179
15180
15188
15190
15191
15192
15193
15194
15196
15197
15198
15199
15200
15208
15216
15227
15228
15229
15230
15231
15233
15234
15235
15236
15239
15249
15251
15255
15260
15263
15315
15323
15339
15345
15347
15350
15351
15353
15355
15361
15362
15363
15365
15366
15367
15368
15369
15370
15371
15372
15373
15374
15376
15377
15378
15379
15380
15381
15383
15385
15389
15391
15392
15394
15398
15399
15400
15401
15403
15405
15408
15421
15423
15424
15425
15426
15427
15428
15429
15430
15431
15432
15433
15435
15436
15437
15438
15439
15440
15441
15442
15443
15444
15445
15446
15447
15448
15455
15464
15469
15471
15473
15474
15475
15476
15477
15478
15480
15482
15484
15487
15488
15490
15491
15492
15493
15494
15495
15496
15497
15498
15503
15507
15508
15525
15528
15534
15535
15536
15537
15538
15539
15541
15558
15560
15566
15567
15568
15570
15571
15573
15574
15575
15577
15578
15579
15580
15581
15582
15583
15608
15610
15612
15613
15614
15615
15618
15620
15643
15647
15649
15651
15652
15653
15654
15655
15656
15657
15658
15662
15664
15665
15668
15669
15677
15679
15681
15682
15683
15684
15685
15686
15687
15689
15690
15691
15694
15699
15700
15701
15702
15703
15704
15705
15706
15707
15709
15710
15711
15712
15713
15714
15715
15716
15718
15719
15720
15721
15722
15727
15732
15733
15734
15736
15737
15738
15740
15741
15742
15744
15748
15757
15758
15759
15760
15761
15762
15763
15764
15765
15766
15767
15768
15769
15770
15771
15772
15773
15775
15776
15777
15778
15779
15780
15781
15782
15783
15784
15785
15797
15798
15799
15800
15801
15803
15804
15808
15809
15812
15813
15817
15820
15821
15822
15825
15826
15827
15831
15834
15835
15849
15850
15851
15852
15853
15854
15869
15870
15871
15872
15873
15874
15875
15876
15877
15878
15879
15882
15883
15884
15896
15897
15898
15899
15916
15917
15918
15919
15920
15921
15922
15923
15926
15927
15940
15941
15943
15944
15948
15950
15951
15952
15953
15954
15955
15956
15957
15958
15960
15961
15962
15963
15964
15965
15966
15967
15968
15969
15970
15971
15975
15976
15978
15979
15980
15981
15982
15983
15984
15985
15986
15987
15988
15989
15990
15991
15992
15993
15994
15995
15996
15997
15998
16001
16005
16006
16007
16008
16009
16010
16011
16012
16013
16014
16015
16016
16017
16018
16019
16020
16021
16022
16023
16024
16025
16026
16027
16028
16029
16030
16031
16032
16033
16034
16035
16039
16040
16047
16048
16050
16053
16054
16061
16063
16065
16067
16068
16069
16070
16071
16072
16075
16076
16077
16078
16079
16080
16081
16082
16083
16084
16085
16088
16097
16098
16102
16106
16110
16114
16119
16131
16135
16136
16137
16138
16139
16140
16142
16143
16144
16145
16146
16153
16154
16155
16156
16157
16158
16159
16160
16161
16162
16163
16166
16167
16168
16169
16170
16171
16173
16174
16175
16176
16177
16178
16179
16181
16186
16201
16229
16230
16256
16262
16263
16264
16265
16266
16267
16268
16269
16270
16271
16272
16273
16274
16275
16277
16278
16283
16286
16287
16291
16296
16297
16298
16299
16300
16301
16302
16303
16304
16305
16306
16307
16309
16311
16313
16314
16317
16318
16319
16320
16321
16322
16323
16324
16325
16326
16327
16328
16329
16331
16333
16334
16335
16336
16337
16338
16339
16340
16341
16342
16343
16344
16345
16346
16347
16349
16350
16351
16352
16353
16354
16355
16356
16357
16358
16359
16360
16361
16362
16370
16371
16372
16373
16374
16375
16376
16377
16378
16379
16382
16383
16384
16385
16386
16387
16388
16389
16390
16391
16392
16393
16394
16395
16396
16397
16398
16399
16400
16403
16404
16411
16412
16418
16426
16429
16430
16432
16433
16434
16435
16438
16441
16455
16456
16457
16458
16459
16460
16461
16463
16466
16471
16472
16473
16474
16475
16476
16477
16478
16479
16480
16481
16482
16483
16484
16485
16486
16492
16496
16501
16502
16503
16505
16507
16508
16509
16510
16511
16513
16521
16522
16524
16527
16532
16534
16538
16568
16569
16583
16586
16587
16588
16589
16590
16591
16592
16593
16594
16595
16596
16597
16598
16599
16600
16601
16602
16603
16604
16605
16607
16608
16609
16619
16620
16621
16622
16623
16624
16625
16627
16628
16629
16630
16631
16632
16633
16634
16635
16636
16645
16646
16647
16648
16650
16651
16652
16653
16654
16655
16657
16658
16659
16660
16662
16663
16664
16665
16666
16667
16668
16669
16670
16671
16674
16676
16678
16680
16682
16683
16684
16685
16686
16687
16689
16700
16706
16707
16708
16709
16710
16711
16712
16713
16714
16717
16718
16720
16723
16726
16731
16733
16739
16743
16744
16759
16761
16762
16763
16774
16775
16776
16777
16778
16779
16780
16781
16782
16783
16784
16785
16786
16787
16788
16790
16811
16812
16813
16814
16815
16816
16817
16818
16819
16820
16821
16822
16823
16824
16825
16826
16827
16828
16829
16830
16831
16832
16833
16837
16838
16839
16840
16841
16843
16863
16864
16892
16893
16931
16933
16934
16939
16940
16941
16942
16943
16944
16945
16946
16947
16948
16951
16952
16953
16954
16955
16956
16962
16964
16965
16966
16967
16970
16971
16972
16973
16974
16976
16978
16979
16980
16981
16983
16985
16986
16987
16988
16989
16990
16991
16992
16993
16994
16995
16996
17005
17008
17010
17016
17022
17024
17025
17030
17033
17040
17046
17049
17053
17056
17062
17089
17090
17091
17115
17117
17119
17122
17123
17124
17125
17126
17127
17128
17129
17130
17131
17132
17133
17134
17135
17136
17137
17138
17139
17140
17141
17156
17157
17159
17160
17161
17162
17163
17164
17165
17166
17167
17168
17169
17170
17171
17172
17173
17174
17175
17176
17177
17179
17193
17195
17220
17221
17230
17273
17277
17278
17279
17282
17283
17284
17285
17286
17287
17288
17291
17295
17297
17298
17299
17302
17304
17306
17307
17315
17318
17327
17331
17332
17333
17334
17335
17336
17337
17338
17339
17340
17341
17342
17356
17357
17376
17385
17386
17400
17412
17421
17428
17432
17433
17439
17440
17441
17442
17443
17444
17445
17446
17447
17453
17455
17457
17458
17463
17465
17468
17469
17471
17482
17512
17524
17558
17559
17560
17566
17567
17568
17570
17571
17585
17586
17587
17593
17594
17595
17596
17597
17598
17599
17600
17601
17602
17603
17604
17605
17606
17607
17608
17610
17611
17612
17613
17615
17619
17624
17635
17636
17637
17638
17639
17640
17641
17642
17643
17644
17645
17646
17647
17648
17649
17650
17651
17652
17653
17654
17655
17656
17657
17658
17659
17660
17661
17673
17674
17686
17690
17693
17704
17710
17711
17716
17717
17720
17722
17723
17732
17755
17756
17757
17758
17759
17760
17763
17770
17771
17772
17773
17774
17775
17776
17777
17778
17780
17782
17783
17789
17796
17821
17822
17823
17824
17825
17826
17827
17828
17830
17831
17838
17839
17867
17869
17892
17893
17895
17896
17897
17901
17902
17930
17931
17932
17935
17936
17937
17938
17939
17940
17941
17943
17944
17945
17946
17947
17949
17950
17951
17952
17953
17957
17958
17959
17961
17962
17963
17964
17965
17967
17968
17969
17971
17973
17974
17976
17978
17980
17982
17988
17990
17991
17992
17993
17994
17995
17996
17997
17998
17999
18000
18001
18002
18003
18004
18005
18006
18007
18008
18009
18010
18011
18017
18037
18041
18042
18043
18044
18046
18047
18048
18049
18050
18051
18052
18053
18054
18055
18056
18057
18058
18059
18060
18061
18062
18063
18064
18065
18066
18067
18068
18069
18070
18081
18082
18084
18085
18087
18090
18092
18101
18104
18106
18116
18117
18119
18122
18129
18130
18131
18132
18133
18135
18136
18137
18139
18155
18156
18157
18158
18159
18160
18161
18162
18163
18164
18165
18166
18167
18190
18201
18202
18203
18226
18229
18230
18231
18232
18233
18234
18235
18236
18238
18241
18242
18243
18244
18245
18246
18252
18254
18257
18265
18266
18267
18268
18269
18270
18272
18273
18275
18284
18285
18286
18287
18288
18289
18290
18291
18292
18293
18294
18295
18296
18297
18298
18299
18300
18301
18302
18303
18304
18305
18306
18307
18308
18309
18310
18312
18313
18314
18315
18316
18317
18318
18319
18320
18321
18322
18323
18324
18325
18326
18327
18335
18336
18337
18338
18339
18340
18341
18342
18343
18344
18345
18346
18347
18348
18349
18350
18351
18352
18353
18354
18355
18356
18357
18358
18359
18360
18361
18362
18363
18364
18382
18383
18384
18385
18386
18387
18389
18391
18392
18393
18394
18396
18397
18399
18400
18401
18404
18406
18407
18428
18430
18431
18432
18433
18436
18448
18450
18453
18454
18455
18456
18457
18458
18459
18460
18461
18462
18463
18464
18465
18466
18467
18470
18471
18474
18475
18476
18477
18478
18479
18480
18483
18495
18498
18499
18500
18501
18502
18503
18504
18505
18506
18507
18511
18512
18550
18563
18579
18586
18593
18594
18595
18596
18597
18598
18599
18601
18602
18603
18604
18605
18606
18607
18608
18609
18611
18613
18616
18622
18623
18624
18626
18627
18628
18629
18630
18631
18632
18633
18634
18635
18636
18637
18639
18640
18641
18645
18646
18647
18648
18649
18650
18651
18652
18653
18654
18655
18656
18657
18658
18659
18660
18661
18662
18663
18664
18665
18666
18667
18668
18669
18670
18671
18672
18673
18674
18675
18676
18677
18678
18679
18680
18681
18682
18691
18692
18696
18697
18698
18699
18700
18701
18703
18704
18705
18706
18707
18708
18709
18710
18711
18712
18713
18714
18715
18716
18717
18718
18741
18743
18745
18746
18750
18759
18761
18771
18772
18773
18774
18775
18776
18778
18779
18780
18785
18786
18788
18789
18790
18791
18792
18793
18794
18795
18796
18797
18798
18803
18804
18805
18806
18807
18808
18810
18811
18812
18813
18816
18817
18818
18820
18837
18842
18844
18845
18846
18904
18905
18906
18907
18908
18910
18912
18914
18915
18917
18918
18919
18920
18921
18922
18924
18925
18926
18927
18928
18930
18931
18932
18941
18942
18943
18944
18945
18946
18947
18948
18949
18951
18952
18953
18954
18955
18956
18957
18959
18960
18962
18963
18965
18967
18969
18970
18971
18972
18973
18974
18975
18976
18977
18978
18979
18980
18981
18982
18984
18985
18987
18988
18989
18990
18992
18994
18995
18996
18997
18998
18999
19000
19001
19002
19003
19004
19005
19007
19008
19009
19054
19067
19093
19100
19101
19102
19103
19104
19105
19106
19107
19108
19109
19110
19111
19112
19113
19114
19115
19116
19117
19118
19119
19121
19122
19123
19124
19137
19138
19139
19140
19141
19142
19143
19144
19145
19146
19147
19148
19149
19150
19151
19152
19153
19154
19155
19156
19157
19158
19169
19171
19174
19175
19176
19181
19183
19185
19216
19218
19219
19236
19283
19284
19286
19287
19288
19289
19290
19291
19292
19293
19294
19295
19296
19298
19301
19307
19308
19309
19311
19312
19314
19315
19323
19324
19325
19327
19328
19329
19330
19331
19332
19334
19335
19337
19344
19345
19346
19347
19348
19350
19351
19352
19364
19366
19367
19370
19372
19373
19390
19394
19409
19428
19449
19450
19452
19453
19454
19465
19467
19476
19477
19478
19479
19480
19482
19483
19484
19485
19501
19502
19503
19504
19505
19506
19507
19508
19509
19510
19511
19512
19513
19514
19515
19516
19517
19518
19519
19520
19521
19522
19523
19524
19526
19537
19539
19545
19547
19548
19549
19550
19551
19552
19554
19555
19556
19557
19560
19564
19565
19566
19567
19568
19578
19587
19590
19620
19626
19656
19664
19677
19679
19680
19681
19682
19684
19685
19687
19688
19689
19690
19691
19692
19693
19694
19695
19697
19700
19703
19704
19705
19706
19707
19708
19710
19711
19715
19730
19734
19735
19763
19764
19766
19767
19770
19771
19772
19773
19788
19790
19791
19795
19809
19814
19815
19816
19817
19841
19843
19848
19859
19860
19861
19862
19863
19864
19865
19866
19867
19869
19870
19871
19882
19883
19884
19885
19886
19887
19888
19889
19890
19891
19892
19893
19894
19895
19896
19897
19898
19900
19901
19904
19905
19909
19910
19912
19923
19934
19937
19959
19960
19963
19980
20018
20023
20026
20031
20050
20062
20063
20067
20068
20069
20070
20071
20072
20073
20074
20076
20077
20078
20093
20105
20120
20121
20122
20123
20124
20126
20128
20129
20130
20131
20132
20133
20134
20135
20136
20137
20138
20139
20141
20142
20143
20148
20149
20180
20184
20185
20186
20187
20188
20189
20190
20191
20216
20217
20222
20229
20230
20231
20235
20237
20253
20254
20255
20256
20257
20258
20259
20260
20278
20279
20280
20281
20282
20283
20289
20290
20291
20292
20293
20294
20295
20297
20298
20300
20301
20308
20325
20331
20332
20352
20372
20373
20374
20376
20381
20383
20385
20400
20401
20410
20412
20413
20415
20420
20424
20425
20426
20434
20435
20436
20440
20441
20442
20443
20444
20445
20446
20447
20449
20450
20451
20452
20453
20454
20455
20456
20459
20460
20462
20467
20468
20469
20470
20471
20472
20473
20477
20479
20486
20487
20488
20492
20493
20495
20503
20504
20506
20507
20508
20509
20510
20511
20512
20513
20514
20515
20516
20517
20518
20519
20520
20521
20522
20523
20524
20525
20526
20527
20528
20560
20562
20563
20570
20571
20572
20576
20577
20578
20579
20581
20582
20583
20584
20602
20605
20608
20610
20611
20612
20618
20620
20621
20624
20626
20627
20628
20631
20632
20633
20634
20640
20642
20643
20645
20646
20647
20648
20650
20651
20652
20653
20654
20658
20659
20660
20679
20680
20681
20682
20683
20684
20685
20686
20687
20688
20689
20690
20691
20694
20741
20742
20745
20746
20747
20748
20749
20757
20758
20759
20760
20761
20762
20763
20764
20765
20766
20767
20768
20769
20770
20772
20773
20775
20778
20781
20783
20785
20786
20789
20790
20791
20793
20794
20795
20796
20797
20798
20799
20800
20801
20808
20810
20811
20812
20813
20814
20815
20816
20817
20818
20819
20820
20821
20822
20824
20825
20826
20828
20831
20833
20836
20837
20838
20840
20842
20843
20844
20845
20847
20848
20849
20851
20857
20867
20868
20869
20870
20871
20872
20873
20874
20875
20876
20877
20878
20879
20880
20881
20882
20883
20884
20885
20886
20887
20888
20889
20890
20891
20892
20893
20894
20895
20899
20901
20905
20906
20909
20910
20911
20914
20921
20924
20925
20926
20927
20928
20941
20943
20944
20952
20953
20954
20955
20956
20957
20958
20959
20960
20961
20962
20963
20966
20967
20968
20969
20970
20971
20972
20973
20974
20975
20976
20977
20978
20979
20980
20981
20982
20983
20987
20989
20990
20991
20992
20993
20994
20995
20996
20997
20998
20999
21000
21001
21004
21014
21020
21022
21023
21025
21031
21058
21074
21075
21126
21127
21128
21129
21130
21131
21132
21133
21134
21135
21136
21137
21141
21143
21144
21149
21151
21152
21153
21154
21155
21156
21157
21158
21160
21162
21164
21171
21172
21173
21174
21175
21176
21177
21178
21179
21180
21181
21182
21183
21185
21186
21187
21188
21189
21190
21191
21194
21195
21196
21197
21198
21199
21200
21201
21202
21203
21206
21207
21208
21209
21210
21211
21212
21213
21214
21219
21220
21221
21222
21223
21224
21225
21226
21227
21228
21229
21230
21231
21232
21233
21234
21235
21236
21237
21238
21239
21240
21241
21242
21243
21244
21245
21248
21264
21265
21266
21267
21268
21270
21271
21273
21277
21278
21279
21280
21281
21283
21284
21285
21286
21287
21288
21289
21290
21291
21303
21307
21316
21318
21319
21320
21321
21322
21323
21324
21325
21326
21327
21328
21329
21334
21335
21337
21338
21339
21340
21341
21342
21343
21344
21345
21351
21352
21353
21355
21357
21358
21361
21364
21366
21367
21382
21386
21393
21414
21419
21444
21449
21450
21451
21452
21453
21454
21455
21456
21457
21458
21459
21460
21461
21462
21463
21466
21468
21471
21473
21475
21477
21479
21484
21487
21489
21490
21491
21492
21493
21494
21495
21496
21497
21498
21505
21506
21511
21512
21513
21514
21515
21516
21517
21518
21519
21520
21521
21522
21523
21524
21525
21526
21527
21528
21529
21530
21532
21539
21540
21541
21542
21544
21545
21546
21547
21548
21549
21550
21551
21552
21553
21554
21563
21566
21567
21568
21570
21571
21573
21574
21575
21578
21579
21580
21581
21582
21583
21585
21586
21587
21588
21589
21590
21609
21610
21611
21613
21617
21620
21634
21636
21637
21638
21639
21640
21641
21643
21655
21664
21665
21666
21667
21668
21669
21671
21673
21675
21683
21684
21686
21687
21688
21689
21690
21691
21692
21693
21694
21695
21696
21697
21698
21699
21700
21701
21702
21703
21704
21705
21707
21721
21722
21723
21724
21725
21726
21727
21728
21729
21730
21731
21732
21733
21734
21735
21736
21737
21738
21739
21740
21741
21798
21800
21835
21849
21850
21851
21852
21853
21854
21858
21861
21863
21865
21866
21867
21868
21869
21870
21871
21872
21873
21874
21875
21876
21877
21878
21879
21880
21890
21891
21892
21893
21894
21895
21896
21897
21898
21909
21921
21922
21924
21925
21926
21928
21929
21930
21931
21932
21933
21934
21935
21936
21937
21938
21939
21940
21941
21942
21967
21984
22010
22011
22019
22062
22063
22064
22065
22066
22067
22068
22069
22070
22071
22072
22073
22074
22075
22076
22106
22108
22109
22110
22111
22113
22114
22115
22116
22117
22118
22119
22120
22121
22122
22123
22124
22125
22126
22127
22128
22129
22130
22146
22148
22149
22151
22152
22154
22155
22156
22157
22158
22160
22162
22163
22164
22165
22177
22180
22279
22280
22281
22282
22283
22284
22286
22287
22293
22298
22300
22301
22302
22303
22305
22306
22307
22308
22309
22310
22312
22313
22314
22320
22327
22330
22364
22367
22371
22372
22374
22375
22376
22378
22405
22415
22416
22419
22432
22433
22440
22445
22446
22451
22452
22453
22454
22455
22456
22457
22458
22459
22460
22461
22462
22463
22464
22465
22466
22467
22468
22485
22487
22488
22489
22490
22491
22492
22493
22494
22495
22496
22497
22498
22499
22500
22503
22511
22514
22515
22518
22521
22522
22526
22538
22561
22569
22592
22598
22612
22673
22674
22675
22679
22685
22687
22688
22689
22690
22691
22692
22693
22694
22696
22697
22698
22699
22713
22718
22730
22733
22734
22735
22736
22739
22740
22741
22742
22743
22744
22745
22780
22781
22784
22788
22789
22790
22791
22792
22793
22824
22829
22830
22838
22865
22866
22867
22868
22869
22870
22871
22872
22873
22874
22875
22876
22877
22878
22879
22880
22882
22885
22890
22902
22904
22905
22906
22917
22918
22919
22920
22923
22924
22925
22926
22927
22928
22931
22934
22936
22939
22940
22942
22958
23025
23026
23027
23028
23029
23030
23031
23032
23033
23035
23036
23037
23043
23044
23047
23048
23051
23055
23057
23059
23060
23062
23065
23066
23067
23068
23069
23070
23071
23072
23073
23074
23075
23076
23077
23078
23079
23080
23081
23082
23090
23093
23094
23100
23101
23104
23105
23111
23122
23123
23124
23126
23127
23128
23129
23131
23132
23133
23135
23137
23138
23139
23140
23141
23151
23165
23166
23169
23172
23173
23178
23180
23190
23193
23194
23195
23197
23207
23210
23211
23212
23213
23215
23224
23229
23231
23232
23233
23234
23235
23236
23237
23238
23239
23240
23241
23242
23261
23266
23267
23268
23272
23273
23274
23275
23319
23367
23368
23369
23370
23371
23374
23375
23376
23382
23389
23392
23393
23394
23395
23396
23397
23398
23399
23400
23401
23402
23403
23404
23405
23406
23407
23408
23409
23411
23412
23413
23414
23415
23416
23417
23418
23419
23420
23421
23422
23423
23424
23425
23426
23427
23429
23430
23432
23433
23441
23442
23450
23453
23454
23455
23456
23457
23458
23459
23460
23461
23462
23463
23464
23465
23466
23467
23468
23469
23470
23471
23472
23473
23474
23475
23476
23490
23492
23496
23506
23507
23512
23513
23514
23518
23520
23521
23522
23523
23524
23525
23526
23527
23529
23530
23539
23545
23546
23549
23555
23563
23565
23566
23567
23570
23571
23572
23573
23574
23575
23576
23577
23578
23579
23583
23585
23586
23587
23588
23589
23590
23591
23606
23607
23608
23609
23611
23613
23614
23615
23618
23619
23621
23629
23631
23632
23634
23640
23642
23659
23660
23667
23692
23693
23695
23696
23697
23698
23699
23700
23701
23702
23703
23704
23705
23706
23707
23708
23709
23710
23712
23713
23714
23716
23717
23725
23726
23727
23728
23730
23731
23733
23734
23735
23736
23738
23740
23741
23748
23749
23750
23751
23752
23753
23754
23755
23756
23757
23760
23761
23762
23763
23764
23765
23766
23767
23768
23769
23770
23771
23773
23777
23778
23780
23781
23782
23785
23786
23787
23788
23789
23790
23791
23792
23793
23794
23795
23802
23805
23806
23807
23808
23809
23810
23811
23812
23813
23814
23815
23816
23817
23818
23819
23820
23822
23823
23824
23827
23828
23829
23830
23836
23848
23853
23858
23865
23866
23867
23868
23869
23870
23871
23872
23873
23891
23901
23902
23903
23904
23905
23906
23912
23913
23914
23915
23916
23917
23918
23919
23920
23921
23922
23923
23924
23925
23932
23933
23934
23935
23936
23945
23947
23952
23956
23961
23983
23985
23986
23987
23988
24017
24029
24030
24031
24032
24033
24034
24036
24037
24038
24051
24052
24053
24054
24055
24056
24057
24058
24060
24061
24062
24063
24064
24065
24066
24067
24068
24069
24070
24071
24073
24074
24078
24081
24082
24083
24085
24086
24087
24088
24089
24090
24091
24092
24093
24094
24095
24096
24102
24103
24104
24106
24107
24108
24109
24110
24111
24112
24113
24115
24116
24117
24118
24119
24120
24121
24122
24123
24124
24125
24126
24134
24135
24136
24137
24138
24139
24141
24142
24143
24144
24150
24156
24157
24159
24161
24164
24165
24166
24167
24168
24169
24171
24172
24173
24174
24175
24176
24177
24178
24179
24181
24182
24222
24248
24249
24250
24251
24252
24253
24254
24255
24256
24257
24258
24259
24260
24262
24274
24275
24276
24277
24278
24279
24280
24281
24282
24283
24284
24285
24286
24287
24288
24290
24297
24303
24304
24305
24306
24307
24309
24310
24311
24312
24313
24314
24315
24316
24317
24318
24319
24320
24333
24344
24354
24421
24422
24423
24424
24425
24426
24427
24428
24429
24430
24431
24432
24433
24443
24453
24454
24455
24456
24457
24458
24459
24460
24461
24462
24463
24464
24465
24466
24467
24468
24470
24471
24472
24473
24479
24480
24482
24484
24485
24486
24487
24493
24495
24509
24510
24511
24512
24514
24515
24516
24517
24518
24521
24522
24523
24524
24525
24526
24528
24529
24547
24553
24571
24594
24600
24626
24627
24628
24629
24630
24631
24637
24643
24644
24645
24646
24647
24648
24649
24650
24651
24652
24653
24654
24655
24656
24657
24658
24659
24660
24661
24662
24663
24696
24697
24698
24699
24700
24701
24702
24703
24704
24705
24706
24707
24708
24709
24710
24711
24712
24713
24714
24715
24716
24717
24718
24719
24720
24738
24739
24740
24744
24748
24749
24750
24751
24752
24753
24755
24756
24764
24767
24780
24791
24799
24811
24831
24836
24837
24838
24839
24840
24841
24842
24845
24847
24861
24864
24865
24866
24867
24868
24869
24870
24871
24872
24873
24879
24889
24891
24894
24897
24926
24927
24929
24931
24932
24935
24969
24986
24990
24991
24992
24993
24994
24995
24996
24997
24998
24999
25020
25021
25022
25023
25024
25025
25026
25027
25028
25029
25030
25031
25032
25033
25034
25035
25036
25037
25038
25039
25040
25041
25042
25060
25062
25063
25064
25065
25066
25067
25068
25069
25071
25073
25074
25075
25076
25077
25078
25079
25091
25095
25106
25107
25140
25142
25159
25167
25179
25196
25197
25198
25201
25215
25218
25219
25220
25221
25222
25223
25225
25233
25234
25236
25237
25238
25239
25240
25241
25242
25243
25244
25246
25276
25277
25278
25279
25280
25281
25282
25283
25284
25285
25286
25287
25289
25291
25293
25296
25297
25298
25300
25301
25303
25309
25312
25319
25321
25322
25323
25349
25350
25351
25352
25353
25354
25385
25386
25387
25388
25389
25390
25391
25392
25393
25394
25395
25396
25397
25398
25399
25402
25405
25415
25419
25422
25424
25425
25440
25441
25444
25445
25446
25448
25449
25451
25452
25454
25484
25503
25513
25543
25548
25549
25550
25551
25552
25553
25554
25555
25557
25559
25563
25564
25567
25568
25579
25582
25583
25584
25585
25586
25587
25588
25589
25590
25591
25592
25593
25594
25595
25596
25597
25599
25623
25624
25629
25630
25631
25633
25634
25635
25636
25640
25641
25643
25644
25645
25646
25655
25659
25665
25681
25686
25689
25691
25693
25694
25708
25714
25715
25716
25717
25720
25721
25722
25725
25727
25747
25748
25749
25752
25765
25768
25792
25795
25816
25817
25818
25819
25820
25821
25822
25823
25824
25825
25826
25827
25829
25830
25831
25832
25837
25838
25839
25840
25842
25853
25854
25859
25860
25861
25862
25863
25864
25865
25866
25867
25868
25869
25871
25872
25873
25874
25876
25877
25878
25879
25880
25881
25884
25886
25889
25892
25895
25896
25897
25898
25899
25900
25901
25902
25903
25905
25911
25912
25917
25919
25920
25921
25922
25923
25924
25925
25926
25927
25928
25929
25930
25931
25932
25933
25934
25935
25936
25937
25938
25939
25940
25941
25942
25943
25944
25968
25969
25979
25981
25983
25984
25985
25986
25988
25989
25990
25991
25995
26009
26012
26013
26015
26017
26027
26028
26029
26030
26032
26033
26034
26035
26037
26038
26039
26040
26041
26042
26043
26044
26045
26046
26047
26059
26061
26066
26067
26068
26069
26070
26071
26072
26073
26074
26075
26076
26077
26078
26079
26080
26081
26097
26100
26101
26112
26116
26152
26153
26154
26155
26164
26165
26166
26176
26177
26178
26179
26180
26181
26184
26188
26189
26190
26191
26192
26193
26194
26195
26196
26197
26198
26199
26200
26201
26202
26203
26206
26209
26210
26211
26212
26213
26214
26218
26219
26220
26221
26222
26223
26227
26229
26230
26231
26233
26234
26235
26238
26240
26241
26242
26243
26244
26245
26246
26247
26248
26249
26250
26251
26253
26254
26255
26256
26257
26258
26260
26261
26262
26268
26270
26271
26272
26273
26278
26280
26281
26284
26285
26287
26288
26290
26291
26292
26293
26295
26296
26297
26299
26300
26301
26302
26303
26304
26305
26307
26308
26310
26311
26314
26316
26317
26318
26329
26333
26336
26337
26339
26351
26352
26354
26365
26366
26367
26368
26369
26370
26371
26372
26373
26374
26376
26381
26382
26383
26384
26385
26386
26387
26388
26389
26390
26391
26392
26393
26394
26395
26396
26397
26398
26399
26400
26405
26409
26415
26416
26417
26418
26419
26420
26421
26422
26423
26424
26425
26426
26427
26428
26429
26430
26431
26449
26451
26472
26500
26501
26505
26506
26513
26514
26515
26518
26519
26522
26524
26525
26526
26527
26528
26530
26531
26532
26534
26537
26538
26539
26540
26541
26542
26543
26546
26547
26548
26557
26558
26559
26560
26561
26562
26563
26564
26565
26566
26568
26569
26570
26571
26572
26573
26574
26575
26577
26578
26579
26580
26581
26582
26585
26586
26588
26589
26590
26591
26592
26593
26594
26595
26596
26597
26598
26599
26600
26613
26614
26615
26616
26617
26618
26619
26620
26621
26622
26623
26624
26625
26626
26627
26628
26629
26630
26631
26632
26633
26635
26636
26637
26649
26660
26675
26677
26680
26684
26687
26689
26690
26698
26699
26700
26722
26723
26724
26725
26726
26730
26731
26732
26733
26734
26735
26736
26737
26738
26739
26740
26741
26743
26744
26745
26746
26747
26748
26749
26751
26756
26759
26762
26763
26764
26765
26766
26767
26768
26769
26770
26771
26772
26773
26774
26775
26776
26777
26778
26786
26787
26788
26789
26790
26792
26793
26794
26795
26796
26797
26798
26799
26800
26801
26802
26803
26805
26806
26807
26809
26828
26829
26832
26834
26856
26857
26858
26859
26879
26880
26881
26882
26883
26884
26885
26886
26887
26888
26889
26890
26891
26892
26893
26894
26896
26898
26899
26901
26902
26916
26918
26919
26920
26921
26922
26923
26924
26925
26941
26942
26943
26944
26945
26947
26948
26949
26950
26951
26952
26953
26954
26955
26956
26957
26958
26961
26962
26963
26967
26970
26974
26976
26977
26978
26979
26982
26983
26984
26985
26998
27011
27012
27013
27016
27019
27020
27024
27025
27026
27027
27028
27029
27030
27032
27033
27034
27035
27036
27048
27070
27080
27085
27087
27088
27089
27090
27091
27092
27093
27094
27095
27096
27097
27099
27121
27122
27123
27124
27125
27126
27127
27128
27129
27130
27131
27133
27134
27136
27137
27138
27160
27162
27163
27164
27165
27166
27167
27168
27169
27170
27171
27172
27173
27174
27175
27176
27177
27178
27179
27180
27181
27182
27183
27184
27212
27213
27214
27215
27216
27217
27218
27219
27220
27221
27222
27223
27224
27225
27226
27227
27228
27229
27230
27231
27232
27233
27234
27235
27236
27250
27251
27252
27254
27256
27258
27260
27262
27271
27275
27280
27281
27282
27305
27375
27376
27378
27380
27381
27383
27384
27386
27388
27389
27390
27391
27392
27393
27394
27395
27396
27397
27399
27402
27403
27425
27426
27427
27428
27429
27430
27431
27432
27434
27435
27436
27439
27440
27442
27443
27445
27446
27447
27472
27481
27503
27504
27529
27540
27554
27555
27556
27557
27558
27559
27560
27561
27562
27563
27564
27565
27566
27567
27568
27569
27570
27572
27610
27611
27612
27613
27614
27615
27616
27617
27618
27619
27620
27621
27622
27623
27624
27625
27626
27627
27628
27629
27630
27631
27632
27633
27634
27635
27636
27637
27667
27669
27670
27675
27676
27677
27678
27679
27680
27681
27682
27683
27684
27685
27686
27687
27688
27689
27690
27691
27692
27693
27694
27710
27711
27712
27713
27714
27716
27717
27752
27779
27781
27782
27783
27788
27789
27791
27793
27797
27798
27800
27801
27802
27803
27804
27806
27807
27808
27809
27811
27814
27815
27842
27843
27850
27855
27856
27861
27864
27865
27867
27868
27870
27879
27901
27903
27911
27928
27929
27930
27931
27932
27933
27934
27935
27936
27937
27938
27939
27940
27971
27972
27973
27974
27975
27976
27977
27978
27979
27980
27981
27982
27983
27985
27986
27997
27998
28000
28001
28005
28019
28023
28036
28040
28044
28046
28048
28049
28055
28084
28102
28105
28106
28107
28111
28122
28123
28134
28135
28136
28138
28139
28141
28142
28143
28144
28145
28146
28148
28149
28150
28151
28153
28154
28155
28176
28179
28181
28182
28183
28184
28185
28186
28187
28188
28189
28190
28191
28192
28195
28211
28215
28216
28218
28219
28220
28221
28231
28232
28239
28247
28251
28260
28262
28267
28279
28280
28281
28282
28283
28284
28285
28286
28287
28288
28298
28312
28351
28352
28354
28357
28358
28359
28360
28361
28362
28363
28367
28368
28369
28370
28372
28373
28375
28377
28378
28379
28383
28385
28386
28389
28390
28391
28400
28402
28404
28405
28407
28408
28409
28410
28411
28412
28413
28414
28415
28416
28418
28419
28420
28421
28422
28423
28424
28425
28427
28434
28441
28442
28443
28444
28445
28446
28450
28451
28452
28453
28454
28465
28466
28467
28468
28471
28472
28473
28475
28477
28478
28479
28480
28481
28482
28483
28484
28485
28486
28487
28489
28507
28508
28511
28526
28527
28530
28531
28538
28539
28541
28543
28544
28546
28547
28548
28549
28552
28553
28554
28555
28556
28557
28558
28559
28562
28565
28566
28567
28570
28571
28572
28573
28574
28578
28583
28584
28585
28598
28599
28613
28643
28644
28653
28656
28663
28664
28665
28666
28667
28668
28669
28670
28671
28672
28673
28674
28675
28676
28677
28678
28680
28681
28682
28683
28684
28692
28694
28695
28696
28697
28698
28699
28700
28702
28703
28704
28705
28706
28707
28708
28709
28710
28712
28713
28717
28718
28719
28720
28722
28723
28724
28726
28727
28728
28730
28731
28732
28733
28743
28744
28745
28746
28747
28748
28749
28750
28751
28752
28753
28754
28755
28756
28757
28759
28760
28761
28764
28777
28796
28800
28820
28822
28824
28825
28829
28830
28832
28833
28834
28835
28837
28863
28872
28880
28881
28883
28884
28885
28886
28887
28888
28889
28890
28891
28892
28893
28894
28895
28896
28897
28898
28900
28901
28906
28908
28909
28910
28911
28912
28913
28914
28915
28916
28917
28919
28926
28928
28929
28930
28938
28940
28943
28945
28946
28947
28948
28956
28958
28963
28965
28970
28971
28973
28975
28994
29017
29021
29024
29025
29027
29028
29030
29032
29033
29034
29036
29037
29039
29040
29041
29043
29044
29045
29046
29047
29048
29050
29051
29054
29056
29057
29058
29059
29060
29064
29065
29067
29068
29076
29077
29078
29079
29081
29082
29083
29084
29085
29086
29087
29088
29089
29090
29091
29092
29094
29095
29096
29097
29098
29099
29100
29101
29102
29103
29105
29106
29107
29109
29110
29111
29112
29113
29114
29115
29116
29117
29118
29130
29132
29133
29134
29135
29136
29137
29139
29140
29141
29142
29143
29144
29146
29147
29148
29149
29150
29151
29152
29161
29171
29226
29229
29231
29234
29236
29238
29245
29246
29247
29248
29249
29250
29251
29252
29253
29254
29255
29256
29257
29258
29259
29260
29264
29267
29270
29275
29276
29278
29279
29280
29281
29282
29283
29284
29285
29286
29287
29288
29289
29290
29291
29292
29293
29294
29295
29296
29307
29308
29309
29311
29341
29344
29345
29346
29347
29379
29380
29381
29385
29386
29387
29388
29389
29390
29394
29395
29396
29397
29398
29399
29400
29401
29402
29403
29404
29405
29406
29407
29408
29409
29411
29414
29415
29422
29423
29424
29425
29427
29429
29430
29431
29432
29433
29434
29455
29456
29457
29458
29459
29460
29462
29463
29464
29465
29466
29467
29468
29469
29470
29471
29472
29473
29474
29485
29501
29511
29520
29529
29532
29542
29551
29568
29569
29570
29571
29572
29573
29574
29575
29576
29577
29578
29579
29580
29581
29582
29583
29584
29585
29593
29596
29597
29603
29620
29623
29624
29625
29626
29627
29628
29629
29630
29631
29632
29633
29634
29635
29636
29637
29638
29639
29640
29641
29642
29643
29644
29645
29646
29647
29678
29679
29681
29682
29683
29684
29685
29686
29687
29688
29689
29690
29691
29692
29693
29694
29695
29696
29697
29698
29700
29713
29725
29726
29750
29779
29781
29783
29784
29786
29787
29788
29793
29794
29803
29804
29805
29806
29810
29811
29812
29813
29814
29815
29816
29817
29818
29819
29820
29821
29822
29823
29824
29825
29826
29827
29845
29846
29851
29864
29867
29869
29870
29872
29873
29874
29875
29877
29878
29879
29882
29901
29905
29906
29910
29915
29916
29919
29925
29930
29932
29935
29936
29945
29946
29947
29953
29956
29957
29958
29959
29960
29961
29962
29963
29964
29978
29979
29980
29981
29982
29983
29984
29985
29986
29987
29988
29989
29990
29991
29992
29993
29994
29995
29996
29997
29998
29999
30042
30043
30044
30045
30046
30047
30048
30049
30050
30051
30052
30053
30054
30055
30056
30057
30058
30059
30060
30061
30062
30063
30064
30065
30066
30067
30068
30070
30071
30088
30089
30094
30097
30098
30099
30100
30101
30102
30103
30104
30105
30106
30107
30108
30115
30120
30125
30126
30182
30184
30188
30189
30190
30191
30193
30203
30204
30205
30206
30207
30208
30209
30210
30211
30212
30224
30225
30226
30227
30229
30232
30234
30264
30271
30274
30276
30277
30280
30309
30319
30320
30321
30322
30323
30324
30345
30346
30347
30348
30349
30350
30351
30352
30353
30354
30355
30356
30357
30358
30359
30360
30361
30362
30399
30400
30401
30402
30403
30404
30405
30406
30407
30428
30431
30435
30442
30460
30463
30500
30501
30503
30504
30505
30506
30507
30508
30521
30522
30523
30524
30528
30546
30547
30548
30550
30552
30553
30554
30555
30556
30557
30558
30559
30560
30583
30584
30586
30587
30588
30589
30590
30592
30596
30600
30617
30620
30633
30642
30646
30649
30676
30678
30680
30685
30725
30727
30728
30729
30731
30740
30748
30749
30750
30751
30753
30756
30757
30758
30759
30760
30761
30762
30763
30764
30765
30767
30770
30771
30773
30774
30783
30785
30790
30791
30792
30793
30794
30795
30796
30798
30799
30801
30802
30803
30804
30805
30806
30807
30808
30819
30845
30848
30850
30858
30860
30861
30862
30863
30865
30866
30867
30868
30869
30870
30871
30876
30888
30894
30904
30905
30916
30917
30924
30925
30926
30927
30928
30929
30930
30935
30936
30937
30938
30939
30940
30941
30942
30945
30946
30947
30948
30950
30952
30954
30955
30957
30958
30959
30960
30961
30962
30963
30964
30965
30970
30971
30974
30975
30976
30977
30985
31014
31015
31085
31093
31098
31099
31108
31109
31110
31111
31112
31113
31114
31115
31116
31117
31118
31119
31120
31121
31122
31123
31126
31127
31128
31129
31132
31133
31135
31136
31145
31146
31147
31149
31150
31151
31152
31153
31154
31155
31156
31158
31159
31160
31161
31162
31164
31165
31166
31167
31168
31169
31170
31171
31173
31175
31176
31177
31178
31179
31180
31185
31195
31199
31209
31211
31212
31213
31214
31215
31216
31217
31220
31221
31222
31223
31224
31225
31226
31227
31228
31229
31230
31233
31276
31279
31280
31308
31309
31310
31312
31317
31318
31321
31322
31323
31324
31325
31326
31327
31328
31329
31330
31331
31332
31333
31334
31335
31336
31347
31348
31349
31351
31352
31353
31354
31355
31356
31357
31358
31359
31361
31362
31363
31364
31367
31368
31371
31384
31387
31396
31413
31423
31444
31445
31453
31455
31472
31473
31474
31475
31479
31483
31484
31485
31486
31487
31488
31489
31490
31491
31493
31494
31502
31503
31504
31505
31506
31507
31510
31511
31512
31514
31515
31517
31519
31520
31521
31522
31523
31524
31525
31526
31527
31529
31533
31534
31535
31536
31538
31539
31540
31541
31542
31543
31544
31545
31554
31559
31560
31561
31562
31563
31564
31566
31567
31568
31569
31570
31571
31572
31573
31574
31575
31576
31577
31579
31580
31581
31583
31590
31593
31601
31608
31611
31617
31619
31621
31623
31626
31627
31630
31631
31632
31633
31634
31635
31636
31637
31650
31679
31683
31684
31685
31686
31687
31688
31689
31690
31694
31696
31700
31701
31702
31703
31704
31705
31706
31707
31708
31709
31710
31712
31722
31723
31725
31726
31727
31728
31729
31730
31731
31732
31734
31788
31791
31792
31803
31805
31806
31810
31811
31812
31813
31815
31816
31817
31818
31819
31820
31822
31823
31830
31831
31832
31833
31834
31835
31836
31837
31838
31839
31840
31841
31842
31843
31844
31845
31846
31847
31848
31850
31851
31853
31855
31857
31858
31859
31864
31865
31866
31867
31869
31870
31872
31875
31884
31887
31889
31891
31892
31893
31894
31895
31896
31897
31899
31900
31901
31902
31903
31904
31905
31906
31907
31908
31909
31917
31963
31965
31966
31967
31968
31969
31970
31976
31977
31978
31979
31980
31981
31982
31983
31984
31985
31986
31987
31988
31989
31990
31991
31992
31993
31994
31995
31996
32001
32016
32024
32031
32035
32036
32037
32038
32039
32040
32041
32042
32043
32044
32045
32046
32047
32048
32049
32050
32051
32052
32053
32054
32055
32056
32074
32075
32077
32078
32079
32080
32081
32082
32083
32084
32085
32086
32087
32088
32101
32146
32151
32152
32153
32156
32157
32158
32159
32160
32161
32162
32163
32166
32167
32169
32188
32191
32193
32194
32195
32196
32197
32198
32199
32200
32214
32215
32229
32232
32239
32240
32241
32242
32244
32245
32247
32248
32249
32250
32270
32271
32277
32287
32288
32290
32291
32292
32293
32294
32295
32296
32297
32298
32299
32325
32326
32327
32328
32329
32330
32331
32332
32333
32334
32335
32336
32337
32338
32340
32341
32342
32343
32344
32345
32346
32347
32349
32385
32387
32388
32389
32390
32392
32393
32394
32396
32397
32398
32399
32400
32401
32402
32403
32404
32405
32406
32407
32408
32409
32417
32418
32428
32429
32454
32488
32494
32495
32496
32497
32498
32515
32517
32533
32536
32537
32540
32542
32551
32554
32558
32559
32564
32593
32594
32595
32596
32597
32598
32599
32600
32601
32602
32603
32604
32605
32606
32637
32638
32639
32640
32641
32642
32643
32644
32645
32646
32647
32648
32649
32650
32651
32652
32653
32654
32655
32681
32684
32687
32688
32704
32719
32720
32723
32731
32763
32764
32765
32766
32767
32768
32769
32782
32784
32786
32787
32789
32791
32792
32810
32811
32812
32843
32844
32845
32846
32847
32873
32908
32909
32935
32936
32939
32941
32942
32944
32961
32963
32964
32965
32966
32967
32968
32969
32970
32973
32985
32986
32994
32995
32996
32998
33000
33001
33003
33004
33005
33026
33027
33031
33067
33069
33073
33077
33081
33082
33085
33086
33088
33091
33092
33138
33139
33162
33172
33174
33175
33176
33186
33187
33188
33189
33190
33191
33192
33193
33194
33195
33196
33197
33198
33199
33200
33201
33202
33203
33207
33211
33212
33213
33214
33215
33221
33222
33224
33228
33229
33231
33232
33233
33234
33235
33236
33237
33238
33239
33240
33241
33242
33243
33244
33245
33246
33251
33256
33265
33275
33291
33292
33294
33298
33299
33301
33302
33303
33305
33306
33307
33308
33309
33311
33312
33317
33318
33319
33338
33360
33365
33366
33371
33372
33373
33374
33375
33377
33380
33381
33382
33383
33384
33386
33387
33389
33390
33392
33395
33402
33403
33405
33407
33408
33409
33410
33411
33412
33413
33414
33418
33430
33453
33457
33465
33467
33468
33474
33475
33476
33477
33478
33479
33488
33489
33491
33498
33499
33500
33502
33503
33504
33505
33506
33507
33508
33509
33510
33511
33513
33514
33515
33525
33526
33527
33528
33529
33530
33531
33532
33533
33534
33535
33540
33541
33542
33544
33545
33547
33548
33549
33550
33551
33552
33554
33571
33572
33573
33574
33575
33576
33577
33578
33579
33580
33581
33582
33584
33585
33586
33587
33589
33590
33591
33594
33595
33597
33626
33628
33631
33646
33673
33676
33677
33683
33684
33685
33687
33688
33689
33690
33691
33692
33694
33695
33696
33697
33700
33704
33705
33706
33708
33709
33710
33712
33713
33714
33715
33716
33717
33725
33728
33731
33732
33733
33734
33735
33736
33737
33738
33739
33740
33741
33742
33743
33744
33750
33766
33768
33780
33784
33786
33787
33788
33794
33795
33796
33801
33802
33807
33808
33809
33811
33812
33814
33815
33816
33817
33818
33820
33822
33825
33826
33827
33828
33829
33830
33831
33832
33833
33837
33838
33849
33850
33851
33853
33854
33855
33856
33857
33858
33859
33860
33861
33862
33863
33864
33866
33867
33868
33870
33874
33876
33898
33899
33903
33907
33908
33909
33910
33911
33912
33913
33914
33915
33916
33918
33919
33920
33966
33967
33976
33978
33980
33981
33982
33983
33984
33985
33986
33987
33990
33991
33992
33993
33994
33995
33996
33997
33998
33999
34000
34001
34002
34003
34005
34006
34007
34008
34009
34010
34011
34013
34034
34035
34037
34039
34040
34041
34042
34043
34044
34045
34047
34049
34050
34051
34052
34053
34054
34055
34056
34057
34058
34059
34060
34062
34063
34077
34080
34087
34088
34090
34091
34092
34106
34107
34123
34126
34137
34139
34151
34152
34155
34156
34157
34158
34159
34160
34164
34166
34167
34168
34169
34170
34171
34196
34198
34199
34201
34202
34203
34204
34205
34206
34207
34208
34210
34243
34244
34246
34249
34250
34253
34259
34266
34270
34276
34278
34279
34280
34281
34282
34283
34284
34285
34286
34287
34288
34289
34290
34291
34292
34293
34294
34295
34297
34298
34327
34328
34329
34330
34331
34332
34333
34334
34335
34336
34337
34338
34339
34340
34341
34342
34343
34344
34347
34349
34350
34351
34352
34353
34379
34381
34382
34383
34384
34385
34387
34388
34390
34391
34393
34394
34395
34396
34397
34398
34399
34401
34402
34403
34405
34468
34469
34470
34471
34472
34481
34482
34483
34484
34485
34514
34523
34524
34532
34550
34552
34573
34590
34591
34592
34601
34602
34603
34604
34605
34606
34607
34608
34609
34610
34611
34612
34613
34614
34615
34616
34617
34618
34646
34648
34649
34650
34651
34652
34653
34654
34655
34656
34657
34658
34659
34660
34661
34662
34663
34664
34665
34666
34667
34668
34669
34670
34690
34696
34697
34701
34703
34705
34714
34718
34760
34764
34765
34766
34767
34768
34770
34772
34773
34774
34787
34788
34789
34793
34794
34795
34797
34812
34813
34817
34819
34820
34821
34822
34823
34836
34857
34858
34859
34860
34861
34862
34863
34864
34865
34866
34867
34917
34918
34919
34921
34953
34955
34956
34957
34958
34960
34961
34962
34963
34970
34980
34981
34983
34985
34986
34987
34988
34996
34999
35000
35001
35002
35003
35004
35005
35009
35021
35022
35040
35041
35046
35047
35051
35065
35132
35133
35134
35135
35136
35138
35139
35140
35141
35147
35148
35149
35153
35154
35156
35157
35158
35159
35160
35161
35162
35163
35164
35165
35166
35167
35168
35174
35175
35177
35179
35183
35190
35192
35194
35195
35196
35197
35198
35199
35200
35201
35202
35203
35206
35208
35221
35222
35223
35230
35231
35236
35237
35244
35245
35273
35274
35281
35282
35283
35284
35286
35289
35290
35291
35292
35294
35295
35296
35297
35299
35300
35301
35302
35303
35305
35306
35315
35316
35317
35319
35321
35330
35331
35333
35363
35364
35365
35366
35367
35368
35369
35371
35372
35392
35399
35406
35408
35411
35412
35413
35414
35415
35416
35417
35418
35419
35420
35421
35422
35423
35424
35425
35426
35428
35429
35430
35431
35432
35433
35450
35452
35453
35454
35455
35456
35457
35458
35459
35460
35461
35462
35463
35465
35466
35467
35468
35471
35473
35474
35479
35481
35482
35504
35506
35510
35511
35513
35514
35515
35516
35518
35519
35520
35521
35522
35524
35525
35526
35537
35596
35597
35605
35606
35607
35608
35609
35610
35611
35612
35613
35614
35615
35616
35617
35618
35619
35620
35621
35622
35627
35628
35636
35637
35638
35639
35640
35641
35642
35643
35644
35645
35646
35647
35648
35649
35650
35651
35652
35653
35654
35655
35656
35665
35669
35670
35671
35687
35688
35689
35690
35692
35693
35694
35695
35701
35702
35703
35704
35708
35709
35710
35715
35718
35719
35720
35722
35723
35725
35726
35727
35728
35729
35731
35733
35734
35735
35736
35737
35741
35743
35744
35746
35747
35748
35749
35752
35753
35766
35767
35768
35769
35772
35773
35774
35775
35776
35777
35778
35779
35780
35781
35783
35784
35786
35787
35789
35790
35791
35796
35811
35812
35818
35819
35822
35857
35861
35862
35863
35864
35865
35868
35869
35870
35871
35872
35873
35874
35875
35876
35877
35881
35882
35883
35884
35885
35886
35887
35888
35889
35890
35891
35892
35893
35894
35895
35896
35897
35898
35899
35900
35901
35902
35903
35904
35912
35918
35922
35925
35926
35929
35930
35931
35932
35933
35935
35937
35938
35939
35940
35942
35943
35944
35945
35946
35947
35950
35951
35952
35971
35975
36000
36002
36004
36005
36010
36015
36016
36017
36034
36039
36040
36041
36042
36043
36044
36045
36046
36053
36056
36058
36059
36060
36064
36065
36066
36067
36068
36069
36071
36072
36073
36074
36095
36119
36120
36121
36123
36128
36129
36130
36131
36132
36133
36134
36135
36136
36137
36138
36139
36140
36141
36142
36143
36144
36145
36146
36147
36148
36149
36151
36152
36154
36183
36184
36186
36187
36188
36189
36190
36191
36192
36193
36195
36196
36197
36199
36200
36201
36203
36204
36205
36206
36214
36226
36227
36228
36229
36231
36232
36234
36235
36237
36238
36239
36242
36243
36244
36250
36287
36288
36304
36305
36306
36307
36308
36309
36321
36324
36325
36326
36327
36329
36330
36347
36357
36366
36374
36376
36378
36382
36405
36406
36407
36408
36409
36410
36411
36412
36424
36425
36426
36427
36428
36429
36430
36431
36432
36433
36434
36435
36436
36437
36438
36439
36441
36442
36470
36471
36472
36473
36475
36476
36477
36478
36479
36480
36481
36482
36483
36484
36485
36486
36488
36490
36500
36501
36514
36547
36553
36554
36555
36556
36564
36565
36571
36583
36584
36592
36594
36598
36600
36615
36625
36626
36627
36628
36629
36630
36648
36649
36665
36670
36673
36712
36722
36723
36724
36730
36731
36732
36733
36734
36735
36736
36737
36745
36746
36748
36750
36760
36801
36805
36816
36817
36854
36855
36857
36858
36859
36860
36861
36862
36864
36870
36871
36875
36876
36878
36880
36882
36883
36884
36885
36886
36887
36888
36889
36891
36903
36906
36911
36914
36916
36917
36918
36919
36920
36922
36923
36924
36925
36938
36949
36953
36978
36979
36980
36981
36983
36984
36985
36986
36988
36991
36993
36994
36995
36996
36997
36998
36999
37000
37001
37002
37003
37014
37016
37020
37022
37031
37032
37066
37068
37081
37082
37083
37084
37087
37094
37095
37096
37097
37098
37099
37100
37101
37102
37103
37104
37105
37106
37107
37108
37110
37111
37115
37116
37117
37118
37119
37120
37121
37132
37133
37134
37136
37137
37138
37139
37140
37141
37142
37143
37144
37145
37146
37147
37171
37174
37182
37185
37188
37195
37196
37197
37198
37200
37201
37202
37204
37205
37207
37208
37209
37240
37245
37246
37247
37249
37254
37255
37256
37257
37258
37262
37263
37264
37265
37266
37267
37268
37276
37278
37279
37280
37281
37282
37298
37299
37317
37318
37319
37320
37321
37324
37328
37336
37337
37338
37339
37341
37342
37343
37344
37345
37354
37355
37356
37357
37358
37359
37360
37361
37362
37363
37364
37365
37366
37370
37371
37372
37373
37376
37377
37378
37379
37395
37403
37406
37408
37409
37410
37411
37412
37413
37415
37416
37417
37419
37420
37421
37423
37424
37425
37446
37463
37465
37466
37491
37492
37493
37494
37495
37496
37497
37498
37499
37500
37501
37502
37503
37504
37505
37507
37516
37518
37519
37520
37521
37522
37524
37525
37526
37527
37528
37530
37531
37532
37533
37535
37536
37537
37538
37552
37554
37555
37556
37557
37558
37560
37561
37562
37563
37564
37565
37566
37567
37568
37582
37594
37595
37596
37597
37607
37611
37613
37615
37619
37620
37621
37623
37624
37625
37626
37629
37631
37632
37648
37649
37651
37653
37654
37655
37656
37657
37660
37661
37666
37675
37677
37707
37728
37729
37731
37732
37733
37734
37735
37742
37743
37744
37745
37746
37747
37748
37749
37750
37751
37753
37754
37755
37758
37759
37760
37761
37762
37763
37765
37780
37785
37786
37787
37788
37790
37791
37793
37795
37796
37797
37798
37799
37800
37801
37803
37805
37807
37808
37809
37810
37811
37812
37813
37814
37815
37816
37832
37834
37840
37861
37862
37882
37883
37888
37890
37904
37908
37910
37911
37914
37919
37923
37935
37936
37940
37941
37947
37948
37949
37953
37955
37956
37957
37958
37959
37960
37961
37962
37963
37964
37965
37966
37967
37968
37988
37990
37991
37992
37993
37994
37995
37996
37998
37999
38000
38001
38002
38003
38004
38005
38006
38007
38008
38009
38010
38011
38012
38013
38014
38015
38029
38030
38032
38033
38035
38036
38037
38038
38039
38040
38041
38042
38044
38051
38064
38069
38091
38100
38107
38119
38133
38136
38147
38148
38149
38150
38151
38152
38153
38154
38155
38156
38157
38158
38159
38160
38176
38177
38178
38179
38180
38181
38189
38195
38196
38207
38208
38212
38243
38246
38247
38248
38251
38261
38264
38282
38288
38317
38331
38334
38350
38374
38375
38376
38377
38379
38386
38387
38388
38389
38390
38391
38392
38393
38396
38403
38406
38407
38408
38413
38414
38432
38466
38467
38468
38471
38473
38483
38485
38486
38487
38488
38490
38491
38492
38493
38513
38516
38517
38518
38560
38561
38562
38563
38564
38565
38566
38568
38580
38581
38582
38583
38584
38585
38586
38587
38588
38589
38590
38591
38592
38600
38609
38619
38623
38624
38626
38627
38628
38629
38630
38631
38632
38633
38651
38662
38667
38668
38671
38672
38677
38678
38679
38703
38711
38712
38713
38716
38719
38731
38732
38733
38735
38736
38737
38738
38747
38758
38760
38776
38782
38783
38784
38786
38787
38792
38793
38794
38795
38804
38805
38806
38808
38811
38812
38813
38814
38815
38816
38822
38823
38824
38825
38826
38827
38828
38830
38832
38833
38834
38854
38863
38864
38865
38866
38867
38868
38870
38873
38875
38876
38877
38879
38880
38881
38882
38906
38907
38909
38910
38916
38917
38918
38919
38920
38921
38922
38924
38925
38928
38938
38939
38940
38941
38942
38944
38945
38946
38948
38949
38951
38952
38954
38956
38957
38958
38959
38969
38971
38972
38973
38974
38975
38977
38978
39009
39010
39017
39018
39022
39031
39050
39051
39077
39102
39106
39107
39108
39109
39110
39111
39112
39113
39115
39116
39122
39123
39124
39125
39126
39128
39130
39131
39132
39133
39134
39135
39136
39137
39138
39139
39140
39141
39143
39156
39158
39161
39162
39164
39165
39166
39167
39169
39170
39172
39173
39174
39177
39178
39179
39180
39181
39182
39184
39185
39207
39213
39228
39247
39249
39250
39276
39291
39292
39307
39310
39311
39316
39317
39318
39321
39324
39325
39326
39327
39328
39329
39330
39331
39332
39333
39334
39335
39336
39337
39338
39339
39356
39357
39358
39359
39360
39361
39362
39363
39364
39365
39366
39367
39368
39370
39371
39372
39373
39374
39375
39376
39377
39401
39403
39412
39415
39478
39479
39480
39498
39499
39501
39509
39510
39511
39513
39514
39522
39523
39524
39525
39526
39527
39528
39529
39530
39531
39534
39535
39548
39549
39553
39554
39558
39559
39560
39561
39569
39570
39595
39597
39598
39606
39608
39609
39610
39611
39612
39613
39614
39617
39624
39629
39630
39647
39648
39653
39655
39658
39671
39699
39700
39701
39702
39731
39733
39734
39735
39736
39744
39745
39746
39747
39748
39755
39763
39779
39781
39782
39783
39784
39785
39793
39794
39797
39798
39799
39818
39851
39852
39854
39855
39856
39857
39858
39859
39860
39861
39869
39870
39871
39872
39873
39874
39875
39876
39877
39878
39879
39892
39897
39898
39899
39900
39901
39902
39904
39910
39911
39915
39934
39936
39937
39938
39945
39946
39947
39948
39949
39950
39951
39952
39953
39954
39957
39962
39968
39971
39972
39973
39995
40005
40014
40018
40021
40022
40033
40041
40042
40043
40044
40045
40046
40047
40048
40049
40050
40051
40053
40064
40065
40067
40069
40070
40092
40097
40098
40117
40124
40125
40126
40127
40128
40129
40130
40141
40142
40143
40144
40145
40146
40147
40148
40149
40150
40151
40164
40165
40177
40178
40192
40199
40201
40202
40210
40212
40215
40216
40219
40266
40267
40268
40269
40270
40271
40273
40275
40288
40290
40291
40293
40294
40295
40296
40297
40298
40299
40300
40301
40302
40304
40306
40320
40321
40322
40324
40325
40326
40327
40328
40329
40330
40331
40332
40334
40335
40359
40373
40377
40382
40383
40385
40405
40426
40427
40428
40429
40432
40433
40434
40435
40436
40437
40438
40439
40440
40441
40442
40443
40445
40459
40460
40462
40463
40464
40465
40466
40467
40469
40470
40471
40472
40473
40475
40476
40477
40553
40560
40561
40569
40584
40589
40598
40599
40610
40611
40612
40613
40614
40615
40616
40617
40618
40619
40620
40622
40631
40637
40638
40639
40640
40641
40645
40647
40654
40663
40664
40694
40695
40702
40715
40720
40735
40763
40788
40798
40799
40801
40822
40823
40826
40827
40849
40856
40879
40908
40909
40910
40911
40912
40913
40914
40915
40927
40928
40929
40930
40931
40932
40933
40934
40935
40948
40949
40950
40951
40952
40953
40965
40966
40982
40994
40995
41034
41045
41046
41047
41048
41049
41053
41054
41055
41056
41064
41065
41066
41079
41080
41084
41086
41097
41100
41117
41118
41119
41120
41122
41123
41129
41131
41137
41138
41139
41143
41145
41146
41147
41148
41149
41151
41153
41154
41155
41177
41178
41180
41184
41185
41186
41187
41188
41189
41190
41192
41193
41203
41206
41208
41209
41210
41211
41212
41213
41214
41215
41217
41231
41233
41234
41235
41238
41240
41276
41277
41279
41304
41329
41339
41341
41344
41347
41348
41349
41350
41351
41352
41353
41354
41355
41357
41369
41370
41372
41373
41374
41375
41376
41377
41379
41391
41408
41446
41455
41475
41476
41477
41480
41481
41482
41494
41495
41496
41498
41499
41500
41502
41511
41519
41520
41521
41544
41545
41560
41566
41567
41568
41569
41575
41583
41597
41611
41619
41627
41635
41636
41645
41649
41652
41675
41687
41697
41706
41712
41729
41730
41735
41750
41751
41788
41790
41802
41813
41820
41829
41830
41844
41845
41847
41848
41849
41850
41851
41852
41856
41857
41859
41860
41861
41864
41865
41866
41887
41893
41894
41897
41901
41903
41906
41916
41917
41918
41919
41920
41921
41922
41930
41931
41932
41934
41935
41936
41937
41938
41939
41940
41941
41942
41943
41944
41958
41959
41961
41970
41975
41976
41988
41996
41997
41998
41999
42000
42001
42002
42003
42004
42018
42020
42022
42024
42047
42048
42049
42051
42055
42056
42058
42061
42062
42063
42064
42065
42066
42067
42068
42074
42075
42077
42078
42079
42080
42081
42082
42114
42115
42118
42120
42121
42122
42123
42124
42125
42126
42135
42136
42137
42138
42139
42142
42143
42159
42160
42161
42174
42198
42199
42201
42203
42204
42229
42230
42231
42232
42233
42250
42251
42252
42256
42257
42258
42259
42261
42263
42280
42282
42284
42286
42287
42288
42292
42312
42327
42333
42335
42359
42360
42365
42366
42367
42368
42369
42370
42371
42372
42377
42380
42382
42383
42439
42459
42460
42464
42476
42480
42482
42483
42485
42503
42504
42505
42506
42509
42512
42513
42514
42515
42516
42517
42522
42523
42524
42525
42526
42527
42528
42529
42530
42531
42532
42533
42541
42542
42550
42557
42558
42563
42579
42589
42590
42591
42597
42598
42599
42600
42619
42620
42621
42622
42624
42626
42628
42634
42635
42660
42672
42673
42674
42676
42677
42678
42679
42680
42681
42682
42690
42691
42692
42693
42694
42695
42705
42708
42717
42721
42722
42735
42764
42768
42769
42776
42777
42782
42787
42788
42790
42791
42792
42793
42794
42803
42805
42814
42821
42822
42823
42824
42832
42833
42835
42836
42837
42846
42880
42881
42882
42883
42888
42890
42893
42910
42911
42913
42919
42920
42925
42927
42928
42930
42931
42932
42933
42934
42950
42954
42969
42997
43036
43037
43038
43045
43047
43093
43098
43100
43112
43116
43117
43124
43142
43143
43159
43184
43186
43187
43190
43191
43192
43193
43194
43215
43223
43233
43259
43260
43264
43279
43284
43285
43287
43289
43298
43310
43311
43327
43328
43329
43330
43332
43334
43339
43340
43341
43342
43343
43344
43346
43373
43377
43378
43379
43409
43410
43411
43412
43413
43417
43419
43420
43421
43422
43431
43432
43433
43434
43436
43437
43467
43468
43469
43470
43471
43482
43484
43485
43486
43487
43494
43503
43513
43514
43518
43519
43521
43549
43553
43574
43575
43577
43578
43642
43643
43644
43658
43665
43681
43686
43691
43692
43697
43704
43709
43710
43723
43733
43736
43738
43739
43740
43741
43762
43772
43773
43776
43782
43783
43785
43791
43799
43801
43802
43834
43837
43840
43841
43842
43843
43846
43857
43860
43861
43887
43888
43892
43893
43911
43917
43921
43922
43923
43924
43925
43956
43958
43959
43966
43972
43980
43981
43982
43985
44000
44002
44009
44010
44011
44024
44034
44044
44055
44056
44068
44075
44076
44081
44085
44086
44095
44097
44099
44101
44102
44104
44107
44109
44129
44130
44146
44148
44154
44155
44156
44183
44192
44194
44195
44198
44199
44203
44207
44208
44245
44249
44257
44272
44275
44280
44303
44304
44305
44306
44309
44313
44314
44321
44329
44330
44360
44369
44374
44375
44384
44425
44430
44433
44435
44446
44460
44464
44471
44477
44489
44499
44504
44508
44549
44558
44579
44580
44581
44585
44586
44587
44590
44591
44610
44634
44641
44659
44664
44677
44685
44690
44692
44727
44736
44760
44768
44788
44790
44793
44795
44804
44829
44830
44831
44832
44844
44845
44865
44888
44890
44892
44893
44897
44907
44911
44915
44918
44919
44921
44933
44955
44966
44969
45003
45006
45032
45033
45036
45037
45040
45043
45048
45066
45069
45073
45074
45101
45107
45110
45122
45127
45128
45131
45142
45157
45167
45196
45220
45222
45233
45265
45275
45283
45285
45286
45289
45294
45295
45299
45335
45336
45345
45355
45357
45360
45361
45366
45381
45382
45385
45394
45403
45408
45420
45427
45430
45433
45434
45442
45443
45458
45461
45462
45472
45474
45497
45499
45507
45511
45512
45515
45528
45531
45532
45548
45549
45559
45568
45570
45572
45577
45583
45586
45588
45609
45611
45612
45619
45621
45641
45644
45652
45665
45685
45689
45696
45705
45709
45710
45711
45714
45717
45726
45728
45732
45734
45738
45751
45768
45774
45781
45787
45793
45794
45803
45811
45815
45818
45833
45844
45862
45866
45868
45869
45871
45879
45891
45892
45903
45908
45909
45910
45911
45914
45917
45923
45926
45931
45946
45954
45957
45963
45969
46003
46006
46018
46024
46031
46032
46033
46037
46044
46061
46062
46063
46069
46092
46093
46098
46099
46102
46106
46116
46122
46151
46159
46167
46170
46172
46176
46178
46185
46188
46198
46207
46209
46210
46214
46239
46253
46270
46281
46282
46313
46314
46321
